1186.59039214286 605.636363636364
1186.62333190909 892.909090909091
1186.662856 796.181818181818
1186.70238045455 675.090909090909
1186.74190581818 610.454545454545
1186.78143163636 702.090909090909
1186.82095809091 678.636363636364
1186.86048518182 606.636363636364
1186.900013 767.909090909091
1186.93954145455 801.454545454545
1186.97907072727 692.727272727273
1187.01860063636 613
1187.05813090909 655.181818181818
1187.09766209091 716
1187.13719390909 749.272727272727
1187.17672618182 731.909090909091
1187.21625945455 760.636363636364
1187.25579309091 798.727272727273
1187.29532754545 796.363636363636
1187.33486263636 825.545454545455
1187.37439827273 781.818181818182
1187.41393481818 640.727272727273
1187.45347163636 534.636363636364
1187.49300927273 454.818181818182
1187.53254781818 540.090909090909
1187.57208672727 721.181818181818
1187.61162645455 809.545454545455
1187.65116672727 706.272727272727
1187.69070772727 689.818181818182
1187.73024936364 655.363636363636
1187.76979172727 593.545454545455
1187.80933472727 688.363636363636
1187.84887836364 750.363636363636
1187.88842254545 771.636363636364
1187.92796754545 698.181818181818
1187.96751309091 615.272727272727
1188.00705945455 623.363636363636
1188.04660636364 760.909090909091
1188.086154 811.363636363636
1188.12570190909 712.090909090909
1188.16525090909 628
1188.20480045455 543.454545454545
1188.244351 521.727272727273
1188.28390163636 620.727272727273
1188.32345309091 691.818181818182
1188.36300527273 616.636363636364
1188.402558 613.636363636364
1188.44211163636 631.727272727273
1188.48166572727 615.545454545455
1188.52122063636 639.363636363636
1188.560776 756.818181818182
1188.60033218182 879.272727272727
1188.63988890909 877.090909090909
1188.67944654545 743.909090909091
1188.71900445455 629.363636363636
1188.75856318182 548.181818181818
1188.79812272727 584.272727272727
1188.83768263636 721.454545454545
1188.87724345455 801.545454545455
1188.916805 817
1188.95636681818 819.272727272727
1188.99592945455 809.818181818182
1189.035493 703.272727272727
1189.075057 612.636363636364
1189.11462154545 610.909090909091
1189.15418718182 618
1189.19375309091 626.363636363636
1189.23331972727 739.636363636364
1189.27288709091 841.636363636364
1189.31245527273 902.454545454545
1189.35202372727 730.272727272727
1189.39159318182 613.272727272727
1189.43116281818 622.363636363636
1189.47073354545 649.181818181818
1189.51030472727 625.909090909091
1189.54987681818 665
1189.58944927273 853.727272727273
1189.62902263636 935.727272727273
1189.66859627273 808.272727272727
1189.70817109091 633.818181818182
1189.74774618182 586.272727272727
1189.78732218182 679.454545454545
1189.82689872727 770.363636363636
1189.86647572727 773.272727272727
1189.90605363636 730
1189.94563209091 736.636363636364
1189.98521127273 726.272727272727
1190.02479118182 817.363636363636
1190.06437172727 876.181818181818
1190.10395281818 844.090909090909
1190.14353463636 850.545454545455
1190.183117 855.636363636364
1190.22270036364 904
1190.26228381818 992.272727272727
1190.30186827273 920.181818181818
1190.34145354545 869.545454545455
1190.38103918182 931.363636363636
1190.42062563636 1437.72727272727
1190.46021281818 4464
1190.49980045455 21783.0909090909
1190.53938890909 72450.7272727273
1190.57897781818 116836.909090909
1190.61856754545 106248.181818182
1190.65815781818 66568.1818181818
1190.69774909091 36962.9090909091
1190.73734072727 22484.7272727273
1190.776933 18493.6363636364
1190.81652581818 30931.2727272727
1190.85611963636 99036.1818181818
1190.895714 203730.636363636
1190.93530890909 230140.909090909
1190.97490454545 172172.090909091
1191.01450054545 107373.090909091
1191.05409772727 63532.8181818182
1191.09369518182 40533
1191.13329363636 37219.4545454545
1191.17289245455 72279.6363636364
1191.21249209091 174366.454545455
1191.25209227273 245285.909090909
1191.29169318182 215433.363636364
1191.33129472727 149885.363636364
1191.37089681818 94054.2727272727
1191.41049963636 56661.6363636364
1191.45010327273 40748.6363636364
1191.48970745455 46817.9090909091
1191.52931236364 101031.363636364
1191.56891772727 175018.272727273
1191.608524 182680.636363636
1191.64813063636 140481.909090909
1191.68773818182 96080.6363636364
1191.72734627273 60292.8181818182
1191.766955 39499
1191.80656445455 33146.3636363636
1191.84617463636 47423.2727272727
1191.88578527273 88544.5454545455
1191.92539681818 111352
1191.965009 96076.9090909091
1192.00462163636 71773.4545454545
1192.04423509091 48828.9090909091
1192.08384909091 31886.7272727273
1192.12346381818 24184.9090909091
1192.16307909091 24965.8181818182
1192.20269536364 40554.4545454545
1192.24231190909 58825.8181818182
1192.28192936364 57705.4545454545
1192.32154745455 46145.3636363636
1192.361166 34779.9090909091
1192.40078527273 24311.2727272727
1192.44040518182 18705
1192.48002581818 17016.8181818182
1192.51964718182 21709.4545454545
1192.55926909091 32608.9090909091
1192.59889181818 36759.4545454545
1192.63851490909 31624.1818181818
1192.67813890909 24762.5454545455
1192.71776345455 18673.1818181818
1192.75738872727 14596
1192.79701463636 12817.6363636364
1192.83664118182 13757.2727272727
1192.87626854545 21044.0909090909
1192.91589627273 28702.6363636364
1192.95552481818 27457
1192.995154 21386.0909090909
1193.03478390909 16364.7272727273
1193.07441454545 12772.3636363636
1193.11404545455 10927.6363636364
1193.15367745455 10581.8181818182
1193.19331 14138.8181818182
1193.23294290909 20770.2727272727
1193.27257663636 22736.4545454545
1193.31221127273 19234.1818181818
1193.35184627273 15248.0909090909
1193.391482 11805.6363636364
1193.43111845455 9494.27272727273
1193.47075563636 8640.54545454545
1193.51039336364 9666.63636363636
1193.55003181818 13296.2727272727
1193.589671 16467.2727272727
1193.62931063636 15601.2727272727
1193.66895109091 12605.9090909091
1193.70859209091 10358.6363636364
1193.74823381818 8522.09090909091
1193.787876 7674.09090909091
1193.82751927273 7591.36363636364
1193.86716272727 9370.54545454545
1193.90680709091 12451.2727272727
1193.94645209091 13274.0909090909
1193.98609772727 11442.1818181818
1194.02574418182 9463.45454545455
1194.06539109091 7815.36363636364
1194.10503881818 6782.63636363636
1194.14468681818 6865.36363636364
1194.18433590909 9038.27272727273
1194.22398536364 15258.5454545455
1194.26363563636 19254.3636363636
1194.30328681818 16607.7272727273
1194.34293818182 12345.1818181818
1194.38259054545 9341.81818181818
1194.42224327273 7710.63636363636
1194.46189681818 7544.45454545455
1194.501551 10510.1818181818
1194.541206 24047.3636363636
1194.58086145455 41886.0909090909
1194.62051754545 43762.3636363636
1194.66017445455 31244.7272727273
1194.699832 19770.4545454545
1194.73949009091 13131.8181818182
1194.77914872727 10097.8181818182
1194.81880836364 11073.1818181818
1194.85846845455 22617.7272727273
1194.89812918182 49779.3636363636
1194.93779063636 64389.5454545455
1194.97745281818 52898.8181818182
1195.01711563636 35380.5454545455
1195.05677918182 22612.9090909091
1195.09644309091 15176.5454545455
1195.13610790909 12516.8181818182
1195.17577336364 16447.4545454545
1195.21543927273 36484.0909090909
1195.25510609091 57613.2727272727
1195.29477354545 55918
1195.33444145455 40876.6363636364
1195.37411009091 27466.9090909091
1195.41377954545 17278.5454545455
1195.45344954545 12518.6363636364
1195.49312009091 12709.8181818182
1195.53279136364 21857.6363636364
1195.57246354545 39447.7272727273
1195.61213609091 45795
1195.65180918182 36935.0909090909
1195.69148327273 26652.8181818182
1195.73115790909 18119.4545454545
1195.77083327273 12593.8181818182
1195.81050909091 10985.5454545455
1195.85018554545 15850
1195.889863 31953.9090909091
1195.92954081818 44345
1195.96921945455 39571.1818181818
1196.00889854545 28728.1818181818
1196.04857836364 19593.0909090909
1196.08825881818 13474.2727272727
1196.12794027273 11745.5454545455
1196.16762218182 16822.9090909091
1196.20730463636 38095.3636363636
1196.24698754545 65024.6363636364
1196.28667145455 67039.9090909091
1196.326356 48593.7272727273
1196.36604109091 31291.1818181818
1196.40572690909 20741.5454545455
1196.44541354545 15692.1818181818
1196.48510045455 17942.1818181818
1196.52478836364 41164.1818181818
1196.56447672727 95986.3636363636
1196.60416581818 128724.181818182
1196.64385554545 108514.272727273
1196.68354609091 70869.9090909091
1196.723237 42979.9090909091
1196.76292872727 27719.6363636364
1196.80262118182 23157.6363636364
1196.84231418182 35039.3636363636
1196.88200781818 84873
1196.92170218182 141920.181818182
1196.96139727273 145030.636363636
1197.00109281818 106861.545454545
1197.04078927273 69084.2727272727
1197.08048627273 42140.4545454545
1197.12018390909 28734.9090909091
1197.15988227273 28400.4545454545
1197.19958118182 53987.5454545455
1197.23928081818 107651.181818182
1197.27898109091 131977.727272727
1197.31868209091 108977.272727273
1197.35838363636 76627.4545454545
1197.39808581818 49638.6363636364
1197.43778890909 31769.6363636364
1197.47749254545 24966
1197.51719663636 30994.6363636364
1197.55690145455 59335.6363636364
1197.596607 86738.5454545455
1197.63631336364 82685
1197.67602018182 62397.3636363636
1197.71572772727 43123.8181818182
1197.75543581818 28305
1197.79514445455 21005.6363636364
1197.83485409091 21472.3636363636
1197.87456436364 35689.8181818182
1197.91427509091 60675.9090909091
1197.95398654545 67220.9090909091
1197.99369863636 53779.5454545455
1198.03341136364 38391.9090909091
1198.07312509091 26166.3636363636
1198.11283881818 19210.4545454545
1198.15255372727 18414.9090909091
1198.19226936364 27788.8181818182
1198.23198509091 52845.5454545455
1198.27170190909 70446.5454545455
1198.31141954545 62412.7272727273
1198.35113736364 44938.5454545455
1198.39085627273 30899
1198.43057572727 21366.6363636364
1198.47029554545 18134
1198.51001627273 23948.8181818182
1198.54973763636 53288.7272727273
1198.58945963636 94441
1198.62918227273 101562
1198.66890563636 75758.6363636364
1198.70862954545 48550.9090909091
1198.74835409091 30925.8181818182
1198.78807954545 22597.9090909091
1198.82780554545 22744.1818181818
1198.86753209091 42099.5454545455
1198.90725954545 86977.4545454545
1198.94698745455 113679.181818182
1198.98671581818 96443.8181818182
1199.02644509091 66390.6363636364
1199.06617490909 42979.5454545455
1199.10590554545 28449.2727272727
1199.14563690909 22736.8181818182
1199.18536863636 28545.0909090909
1199.22510118182 56366.7272727273
1199.26483436364 87598.2727272727
1199.30456836364 86483
1199.34430281818 65991.0909090909
1199.38403790909 45971.7272727273
1199.42377372727 29872.4545454545
1199.46351027273 21489
1199.50324736364 20304.8181818182
1199.54298518182 30577.4545454545
1199.58272363636 51421.9090909091
1199.62246281818 59922.2727272727
1199.66220254545 50145.3636363636
1199.70194290909 37017.2727272727
1199.74168409091 25533.0909090909
1199.78142572727 18767.6363636364
1199.82116818182 16202.0909090909
1199.86091127273 17497.2727272727
1199.90065490909 27874.1818181818
1199.94039936364 37020.3636363636
1199.98014445455 34071.7272727273
1200.01989 27029.3636363636
1200.05963645455 21057.5454545455
1200.09938345455 16200.7272727273
1200.13913118182 13508.5454545455
1200.17887954545 13454.2727272727
1200.21862845455 18359.1818181818
1200.25837809091 25118.1818181818
1200.29812845455 25622
1200.33787945455 21347.7272727273
1200.37763109091 17189.4545454545
1200.41738336364 13658.4545454545
1200.45713627273 11411.6363636364
1200.49688990909 10620.8181818182
1200.53664390909 12896.9090909091
1200.576399 18251.3636363636
1200.61615454545 20659.0909090909
1200.655911 18199.0909090909
1200.69566763636 14537.7272727273
1200.73542527273 11903.2727272727
1200.77518345455 10171.3636363636
1200.81494236364 9606.45454545455
1200.85470181818 10213.3636363636
1200.89446218182 12886.4545454545
1200.93422281818 15198.3636363636
1200.97398445455 14222.1818181818
1201.01374645455 12187.9090909091
1201.05350918182 10434.0909090909
1201.09327272727 8795.54545454545
1201.13303672727 7828.45454545455
1201.17280163636 8079.09090909091
1201.21256718182 9674.90909090909
1201.25233318182 12052.1818181818
1201.2921 12508.8181818182
1201.33186736364 10918.4545454545
1201.37163545455 9181.63636363636
1201.41140418182 7823.45454545455
1201.45117381818 7157.45454545455
1201.49094363636 7538.72727272727
1201.53071445455 8945.63636363636
1201.57048590909 11430.4545454545
1201.61025781818 12478.8181818182
1201.65003045455 11208.1818181818
1201.68980390909 9527.45454545455
1201.72957781818 8175.63636363636
1201.76935254545 7091.63636363636
1201.80912781818 6930.81818181818
1201.84890390909 8662.72727272727
1201.88868045455 13130.9090909091
1201.92845763636 16732.5454545455
1201.96823572727 15813.0909090909
1202.00801427273 12306.3636363636
1202.04779372727 9018.81818181818
1202.08757354545 7205.18181818182
1202.127354 6851.45454545455
1202.16713527273 7525.81818181818
1202.20691718182 11622.7272727273
1202.24669981818 18670.8181818182
1202.286483 20797.3636363636
1202.32626681818 16690.2727272727
1202.36605136364 12278.6363636364
1202.40583663636 9173.45454545455
1202.44562254545 7411.72727272727
1202.48540881818 7260.18181818182
1202.52519618182 10176.7272727273
1202.564984 16968.6363636364
1202.60477254545 21355.1818181818
1202.64456154545 19188.0909090909
1202.68435145455 14381.7272727273
1202.72414190909 10385.9090909091
1202.76393318182 7812.36363636364
1202.80372490909 7229.36363636364
1202.84351709091 7987.36363636364
1202.88331027273 11444.3636363636
1202.92310409091 15965.6363636364
1202.96289836364 16259.8181818182
1203.00269345455 13174.9090909091
1203.04248927273 10416.1818181818
1203.08228572727 7854.36363636364
1203.12208272727 6461.36363636364
1203.16188027273 6687.81818181818
1203.20167890909 8891.36363636364
1203.24147763636 12774.3636363636
1203.28127727273 13936.4545454545
1203.32107763636 11838.3636363636
1203.36087872727 9575.45454545455
1203.40068036364 7610.18181818182
1203.44048281818 6436.36363636364
1203.48028563636 6346.09090909091
1203.52008927273 7775.72727272727
1203.55989354545 11788.5454545455
1203.59969845455 14444.6363636364
1203.63950409091 13056.0909090909
1203.67931027273 10562
1203.71911736364 8247.09090909091
1203.75892490909 6687.36363636364
1203.798733 6185.90909090909
1203.83854190909 7225.09090909091
1203.87835145455 11388.4545454545
1203.91816172727 16860.5454545455
1203.95797263636 17788.9090909091
1203.99778418182 14098.2727272727
1204.03759618182 10261.9090909091
1204.077409 7823.90909090909
1204.11722263636 6870.45454545455
1204.15703663636 6884.36363636364
1204.19685145455 9834.90909090909
1204.236667 16593.3636363636
1204.276483 20944.5454545455
1204.31629990909 18570.7272727273
1204.35611736364 13663.2727272727
1204.39593536364 10090.0909090909
1204.43575409091 7743.63636363636
1204.47557372727 6805.90909090909
1204.51539363636 8312.09090909091
1204.55521436364 13686
1204.595036 19922.5454545455
1204.63485763636 19983.8181818182
1204.67468063636 15423.2727272727
1204.714504 11016.1818181818
1204.75432790909 8292.81818181818
1204.79415263636 6911.90909090909
1204.83397809091 6717.54545454545
1204.873804 9144.63636363636
1204.91363072727 13937.6363636364
1204.95345809091 15764.4545454545
1204.99328609091 13447
1205.03311463636 10387.5454545455
1205.072944 8054.90909090909
1205.11277381818 6339.09090909091
1205.15260445455 5838.27272727273
1205.19243581818 6975.90909090909
1205.23226790909 9645.18181818182
1205.27210054545 11612.0909090909
1205.31193345455 10726.8181818182
1205.35176727273 8719.54545454545
1205.39160190909 6983.45454545455
1205.43143718182 5894
1205.47127309091 5541
1205.51110963636 6795.18181818182
1205.55094690909 12840.0909090909
1205.59078481818 22035.7272727273
1205.63062318182 24392
1205.67046245455 18051.4545454545
1205.71030227273 11081.7272727273
1205.75014272727 7677.27272727273
1205.78998381818 6628.81818181818
1205.82982563636 6262.72727272727
1205.86966809091 7056.45454545455
1205.90951118182 8995.45454545455
1205.949355 9790.27272727273
1205.98919927273 9011.18181818182
1206.02904454545 8054
1206.06889027273 6976.09090909091
1206.10873663636 5803.36363636364
1206.14858372727 5160.45454545455
1206.18843145455 5495.90909090909
1206.22827990909 7091.63636363636
1206.26812872727 8557
1206.30797863636 8050.36363636364
1206.347829 6495.63636363636
1206.38768 5453.18181818182
1206.42753154545 4792.18181818182
1206.467384 4675.27272727273
1206.50723690909 5292
1206.54709054545 8820.36363636364
1206.586945 15523.3636363636
1206.62679990909 18198.0909090909
1206.66665554545 14196.3636363636
1206.70651181818 9350.81818181818
1206.74636881818 6591.72727272727
1206.78622627273 5541.72727272727
1206.82608454545 5137.72727272727
1206.86594336364 5267.27272727273
1206.905803 6314.72727272727
1206.94566336364 6811.09090909091
1206.98552427273 6301.63636363636
1207.02538572727 5915.45454545455
1207.06524781818 5516
1207.10511072727 4819.09090909091
1207.14497427273 4485.81818181818
1207.18483854545 4648.18181818182
1207.22470318182 5122.18181818182
1207.26456881818 5265.63636363636
1207.30443490909 5233.45454545455
1207.34430154545 4960.90909090909
1207.38416918182 4604.36363636364
1207.42403745455 4128.18181818182
1207.46390636364 3954.81818181818
1207.50377545455 4302.90909090909
1207.54364581818 5574.18181818182
1207.58351654545 8459.54545454545
1207.62338790909 10345.8181818182
1207.66326009091 8753.45454545455
1207.70313281818 6135.54545454545
1207.74300627273 4890.90909090909
1207.78288018182 4410.27272727273
1207.82275490909 4052.27272727273
1207.86263027273 4049.36363636364
1207.90250627273 4500.18181818182
1207.94238290909 4731.36363636364
1207.98226045455 4644
1208.02213827273 4530.54545454545
1208.062017 4536.45454545455
1208.10189645455 4211.72727272727
1208.14177636364 3883.36363636364
1208.181657 3809.36363636364
1208.22153809091 4253.72727272727
1208.24965225 1576
