1073.54337809091 410.090909090909
1073.58097109091 419.727272727273
1073.61856472727 339.272727272727
1073.65615909091 280.454545454545
1073.693754 286.909090909091
1073.73134981818 276.363636363636
1073.768946 263.363636363636
1073.80654309091 274.727272727273
1073.84414081818 286.454545454545
1073.88173909091 252.272727272727
1073.91933809091 243.181818181818
1073.95693772727 285.090909090909
1073.99453809091 289
1074.03213909091 306
1074.06974045455 285.818181818182
1074.10734281818 253.545454545455
1074.14494563636 211.272727272727
1074.18254918182 179.545454545455
1074.22015354545 224.636363636364
1074.25775845455 236.363636363636
1074.29536390909 256.090909090909
1074.33297 253.909090909091
1074.37057690909 264.272727272727
1074.40818463636 294.363636363636
1074.44579281818 260.727272727273
1074.48340163636 297.363636363636
1074.52101109091 349.545454545455
1074.55862118182 324.545454545455
1074.596232 266.454545454545
1074.63384363636 247
1074.67145572727 210.636363636364
1074.70906845455 268.272727272727
1074.74668190909 321.727272727273
1074.78429590909 284.545454545455
1074.82191081818 321.181818181818
1074.85952618182 346.636363636364
1074.89714227273 361.181818181818
1074.93475909091 331.181818181818
1074.97237645455 278.272727272727
1075.00999445455 288.727272727273
1075.04761318182 319.545454545455
1075.08523254545 310.090909090909
1075.12285263636 288.818181818182
1075.16047327273 259.363636363636
1075.19809472727 240.727272727273
1075.23571663636 254.545454545455
1075.27333927273 247.454545454545
1075.31096263636 236.545454545455
1075.34858672727 226.636363636364
1075.38621109091 236.636363636364
1075.42383672727 243.727272727273
1075.46146263636 293.636363636364
1075.499089 366.363636363636
1075.53671636364 343.636363636364
1075.57434427273 312.909090909091
1075.611973 247.363636363636
1075.64960218182 217.909090909091
1075.687232 234.636363636364
1075.72486263636 259.090909090909
1075.76249372727 288.454545454545
1075.80012572727 306.545454545455
1075.83775827273 252.272727272727
1075.87539163636 248.909090909091
1075.91302554545 292.636363636364
1075.95065981818 319
1075.98829490909 337.363636363636
1076.02593090909 349.727272727273
1076.06356736364 343
1076.10120445455 284.636363636364
1076.13884218182 241
1076.17648072727 234.272727272727
1076.21411990909 264.727272727273
1076.25175972727 253.272727272727
1076.28940009091 239.090909090909
1076.32704109091 257.727272727273
1076.364683 279.090909090909
1076.40232536364 310.090909090909
1076.43996845455 365.727272727273
1076.477612 391.727272727273
1076.51525663636 418.818181818182
1076.55290172727 414.454545454545
1076.59054727273 293.181818181818
1076.62819372727 276
1076.66584072727 268.818181818182
1076.70348854545 300.818181818182
1076.74113672727 303
1076.77878572727 309.818181818182
1076.81643554545 348.545454545455
1076.85408572727 326.545454545455
1076.89173672727 296.818181818182
1076.92938818182 305.454545454545
1076.96704063636 323
1077.00469354545 322.636363636364
1077.04234709091 300.818181818182
1077.08000145455 285.636363636364
1077.11765636364 278.909090909091
1077.15531181818 297.272727272727
1077.19296809091 327
1077.230625 323.272727272727
1077.26828254545 284.181818181818
1077.30594063636 308.454545454545
1077.34359954545 625.090909090909
1077.38125909091 1977.54545454545
1077.41891936364 7390.36363636364
1077.45658 20688
1077.49424163636 33776.0909090909
1077.53190381818 31356.0909090909
1077.56956663636 20826.0909090909
1077.60722990909 12694.9090909091
1077.64489418182 7420.54545454545
1077.68255890909 4324
1077.72022436364 3029.90909090909
1077.75789054545 2235.90909090909
1077.79555727273 1770.27272727273
1077.83322481818 1870.72727272727
1077.87089290909 3525.27272727273
1077.90856154545 8397.36363636364
1077.94623090909 19746.9090909091
1077.98390090909 35590.4545454545
1078.02157181818 38044.4545454545
1078.059243 24723.5454545455
1078.09691509091 12458.4545454545
1078.13458781818 6944.90909090909
1078.17226127273 4677
1078.20993527273 3566.63636363636
1078.24760981818 2965.81818181818
1078.28528518182 2434.18181818182
1078.32296118182 2173.36363636364
1078.36063763636 3175.09090909091
1078.39831518182 6130.27272727273
1078.43599290909 11552.6363636364
1078.47367163636 20678.5454545455
1078.51135090909 25545.0909090909
1078.54903090909 20333.5454545455
1078.58671145455 13123.7272727273
1078.62439281818 7873.72727272727
1078.66207445455 4715.81818181818
1078.69975718182 3455
1078.73744036364 2735
1078.77512436364 2271.09090909091
1078.81280872727 2042.27272727273
1078.850494 2224
1078.88817981818 3448.72727272727
1078.92586636364 5999.45454545455
1078.96355372727 9477.72727272727
1079.00124145455 13206.2727272727
1079.03892981818 11217.3636363636
1079.07661890909 6558.72727272727
1079.11430881818 3887.90909090909
1079.15199936364 2723.27272727273
1079.18969045455 2189.45454545455
1079.22738227273 1895.09090909091
1079.26507463636 1725
1079.30276763636 1747.36363636364
1079.34046154545 1782.27272727273
1079.37815563636 2119.72727272727
1079.41585072727 2741
1079.45354654545 3704.54545454545
1079.49124318182 5070.45454545455
1079.52894018182 5147.09090909091
1079.56663754545 4309.63636363636
1079.60433627273 3445.72727272727
1079.64203536364 2450
1079.67973490909 1723.90909090909
1079.71743536364 1530.72727272727
1079.75513618182 1447.90909090909
1079.792838 1328.81818181818
1079.83054009091 1290.45454545455
1079.86824309091 1491.90909090909
1079.90594690909 1920.72727272727
1079.94365109091 2628.72727272727
1079.981356 3871.36363636364
1080.01906163636 4283.27272727273
1080.05676781818 3345.09090909091
1080.09447481818 2222
1080.13218218182 1598.54545454545
1080.16989063636 1276.81818181818
1080.20759954545 1153.90909090909
1080.245309 1162.90909090909
1080.28301909091 1057.90909090909
1080.32073 1137.45454545455
1080.35844154545 1297.09090909091
1080.39615372727 1881
1080.43386654545 4019.63636363636
1080.47158009091 8912.90909090909
1080.50929445455 13168.7272727273
1080.54700909091 11564.8181818182
1080.58472463636 6887.90909090909
1080.62244063636 3693.18181818182
1080.66015763636 2479.81818181818
1080.697875 1869.09090909091
1080.73559309091 1634.90909090909
1080.77331181818 1452.54545454545
1080.81103127273 1377.18181818182
1080.84875136364 1371.54545454545
1080.88647209091 1858.09090909091
1080.92419336364 3741.81818181818
1080.96191536364 8041
1080.99963827273 13506.3636363636
1081.03736163636 13356.0909090909
1081.07508563636 8234.18181818182
1081.11281027273 4413.81818181818
1081.15053572727 2881.81818181818
1081.18826172727 2182.45454545455
1081.22598818182 1824.81818181818
1081.26371572727 1550.81818181818
1081.30144372727 1318.09090909091
1081.33917218182 1225.63636363636
1081.37690163636 1578.09090909091
1081.41463163636 2817.36363636364
1081.45236209091 5018.63636363636
1081.49009354545 8062.63636363636
1081.52782545455 9089.27272727273
1081.56555772727 6543.90909090909
1081.60329127273 3883.54545454545
1081.64102509091 2395.90909090909
1081.67875945455 1786.81818181818
1081.71649481818 1476.09090909091
1081.75423054545 1276.09090909091
1081.79196736364 1183.72727272727
1081.82970436364 1206.36363636364
1081.86744236364 1317.36363636364
1081.905181 1828.81818181818
1081.94292009091 2898.63636363636
1081.98065990909 4271.54545454545
1082.01840027273 5176.45454545455
1082.05614127273 4187.63636363636
1082.09388318182 2477.90909090909
1082.13162581818 1640.45454545455
1082.16936890909 1393.90909090909
1082.20711272727 1318.18181818182
1082.24485690909 1155.90909090909
1082.282602 1017.09090909091
1082.32034790909 1044.54545454545
1082.35809418182 1045.54545454545
1082.39584136364 1198.27272727273
1082.43358909091 1725.54545454545
1082.47133736364 2506.09090909091
1082.50908654545 3493.45454545455
1082.54683636364 3415.45454545455
1082.58458663636 2376.90909090909
1082.62233763636 1587.90909090909
1082.66008936364 1192.72727272727
1082.69784163636 1057.72727272727
1082.73559463636 976.636363636364
1082.77334827273 864.909090909091
1082.81110263636 879.636363636364
1082.84885763636 944.454545454545
1082.88661318182 1134.36363636364
1082.92436936364 1873.54545454545
1082.96212627273 3616.09090909091
1082.999884 5995.72727272727
1083.03764218182 6273.72727272727
1083.07540118182 4286.18181818182
1083.11316081818 2450.27272727273
1083.15092090909 1621.90909090909
1083.18868181818 1311.81818181818
1083.22644345455 1134.54545454545
1083.26420572727 1082.36363636364
1083.30196836364 1050.09090909091
1083.33973190909 1088.81818181818
1083.37749627273 1489.18181818182
1083.41526090909 3196.36363636364
1083.45302654545 8249.36363636364
1083.49079263636 17147.1818181818
1083.52855954545 21993
1083.56632690909 16803.3636363636
1083.60409509091 9324.45454545455
1083.64186381818 5151.18181818182
1083.67963327273 3343.36363636364
1083.71740336364 2562.81818181818
1083.75517418182 2173.72727272727
1083.79294563636 1766.90909090909
1083.83071772727 1523.81818181818
1083.86849045455 1766.36363636364
1083.90626372727 3337.63636363636
1083.94403781818 7204.36363636364
1083.98181254545 13859.7272727273
1084.019588 19946.1818181818
1084.05736409091 17189.4545454545
1084.09514054545 9597
1084.132918 4915.63636363636
1084.17069609091 3226.18181818182
1084.20847463636 2604.90909090909
1084.246254 2148.09090909091
1084.28403409091 1782.27272727273
1084.32181463636 1680.36363636364
1084.35959581818 1918.09090909091
1084.39737781818 2919
1084.43516045455 4795.54545454545
1084.47294381818 7211.45454545455
1084.51072781818 10777.7272727273
1084.54851209091 10830.7272727273
1084.58629745455 7325.45454545455
1084.62408336364 4439.81818181818
1084.66187009091 2832.36363636364
1084.69965709091 2145.36363636364
1084.737445 1887.54545454545
1084.77523363636 1720.36363636364
1084.81302272727 1643.63636363636
1084.85081272727 1609.09090909091
1084.88860318182 1830.63636363636
1084.92639436364 2719.63636363636
1084.96418618182 3782.09090909091
1085.00197872727 5088.27272727273
1085.03977172727 5377.36363636364
1085.07756554545 4017.63636363636
1085.11536009091 2476.72727272727
1085.15315509091 1730.54545454545
1085.19095090909 1396.63636363636
1085.22874745455 1376.63636363636
1085.26654445455 1336
1085.30434245455 1281.18181818182
1085.34214054545 1371.45454545455
1085.37993981818 1502.90909090909
1085.41773936364 1757.54545454545
1085.45553981818 2114
1085.49334081818 2677.18181818182
1085.53114254545 3081.18181818182
1085.56894481818 2727.27272727273
1085.606748 2085.09090909091
1085.64455154545 1664.54545454545
1085.68235590909 1293.54545454545
1085.72016081818 1099
1085.75796654545 1070.90909090909
1085.79577272727 1036.36363636364
1085.83357972727 1079.27272727273
1085.87138745455 1055.63636363636
1085.90919572727 1135.54545454545
1085.94700463636 1305.18181818182
1085.98481427273 1526.63636363636
1086.02262445455 1688.09090909091
1086.06043536364 1629.45454545455
1086.09824709091 1286.09090909091
1086.13605936364 1021.36363636364
1086.17387218182 884.727272727273
1086.21168554545 850.363636363636
1086.2495 882.363636363636
1086.28731463636 880.727272727273
1086.32513027273 866.272727272727
1086.36294645455 899
1086.40076345455 959.636363636364
1086.43858072727 1093.09090909091
1086.476399 1222.36363636364
1086.51421772727 1361.54545454545
1086.55203736364 1295.18181818182
1086.58985736364 1073
1086.62767818182 905
1086.66549963636 830.636363636364
1086.70332172727 775.181818181818
1086.74114436364 744.363636363636
1086.77896790909 775
1086.816792 806.636363636364
1086.85461672727 753
1086.89244209091 703.818181818182
1086.93026809091 713
1086.96809490909 856.636363636364
1087.00592227273 956.181818181818
1087.04375027273 928.636363636364
1087.08157890909 811.636363636364
1087.11940827273 742.090909090909
1087.15723836364 748.636363636364
1087.195069 823.363636363636
1087.23290036364 757.181818181818
1087.27073236364 664.636363636364
1087.30856481818 718.454545454545
1087.34639827273 743.181818181818
1087.38423227273 737.909090909091
1087.42206663636 818.545454545455
1087.45990209091 942
1087.49773809091 1001.63636363636
1087.53557445455 1142.72727272727
1087.57341181818 1195.36363636364
1087.61124981818 1080.54545454545
1087.64908827273 1008.27272727273
1087.68692727273 828.272727272727
1087.72476727273 731.818181818182
1087.76260790909 701.454545454545
1087.80044918182 663.090909090909
1087.83829081818 693.272727272727
1087.87613363636 658.181818181818
1087.91397663636 623.636363636364
1087.95182063636 704.181818181818
1087.98966481818 921.818181818182
1088.02751 985.727272727273
1088.06535572727 860.454545454545
1088.10320236364 729.272727272727
1088.14104945455 649.090909090909
1088.17889736364 639.363636363636
1088.21674545455 629.272727272727
1088.25459454545 657.454545454545
1088.29244436364 651.545454545455
1088.33029490909 554.636363636364
1088.36814609091 562.636363636364
1088.40599745455 606.090909090909
1088.44385018182 734
1088.48170318182 990.818181818182
1088.51955681818 1191.72727272727
1088.55741118182 1321.72727272727
1088.59526618182 1504.81818181818
1088.633122 1426.36363636364
1088.67097818182 1103.90909090909
1088.70883509091 754.181818181818
1088.746693 583
1088.784551 663.363636363636
1088.82241 743.181818181818
1088.86026972727 718.090909090909
1088.89812990909 681.909090909091
1088.93599090909 717.454545454545
1088.97385263636 838.545454545455
1089.01171472727 897.636363636364
1089.04957763636 823.818181818182
1089.08744127273 742.818181818182
1089.12530554545 638.181818181818
1089.16317036364 530.090909090909
1089.201036 521
1089.23890218182 624.272727272727
1089.27676909091 679.090909090909
1089.31463636364 553.363636363636
1089.35250454545 528.545454545455
1089.39037336364 574.181818181818
1089.42824309091 575.363636363636
1089.46611327273 683.272727272727
1089.503984 953.272727272727
1089.54185545455 1452.45454545455
1089.57972745455 2158.63636363636
1089.61760045455 2787.45454545455
1089.65547390909 2436.90909090909
1089.693348 1498.36363636364
1089.73122281818 876.090909090909
1089.76909809091 664.909090909091
1089.80697418182 648.454545454545
1089.844851 594.636363636364
1089.88272827273 592.454545454545
1089.92060636364 642.181818181818
1089.95848509091 646.181818181818
1089.99636445455 831.272727272727
1090.03424445455 932.181818181818
1090.07212509091 842.545454545455
1090.11000654545 695
1090.14788845455 612.272727272727
1090.18577118182 610.363636363636
1090.22365436364 624.363636363636
1090.26153845455 564.818181818182
1090.29942309091 573.636363636364
1090.33730845455 587.636363636364
1090.37519445455 614.454545454545
1090.413081 650.909090909091
1090.45096818182 739.636363636364
1090.48885618182 941.454545454545
1090.52674472727 1188.72727272727
1090.564634 1340.45454545455
1090.602524 1635.63636363636
1090.64041427273 1707.18181818182
1090.67830545455 1235.27272727273
1090.71619736364 893.727272727273
1090.75409018182 671
1090.79198318182 683.636363636364
1090.82987709091 732
1090.86777154545 711.181818181818
1090.90566690909 742.181818181818
1090.94356263636 781.090909090909
1090.981459 835.727272727273
1091.01935618182 973.090909090909
1091.05725390909 924.090909090909
1091.09515245455 733.818181818182
1091.13305172727 661.909090909091
1091.17095136364 590.272727272727
1091.20885181818 568.636363636364
1091.24675290909 551.363636363636
1091.28465472727 597
1091.32255690909 579.363636363636
1091.36046 560.727272727273
1091.39836390909 525.454545454545
1091.43626818182 586.363636363636
1091.47417327273 666.545454545455
1091.51207890909 880.818181818182
1091.54998536364 1011.36363636364
1091.58789236364 983.727272727273
1091.6258 957.636363636364
1091.66370836364 852.454545454545
1091.70161727273 695.272727272727
1091.73952690909 589
1091.77743718182 542.090909090909
1091.81534809091 472.545454545455
1091.85325990909 519.545454545455
1091.89117209091 546.181818181818
1091.929085 621.454545454545
1091.96699872727 693.909090909091
1092.004913 764.545454545455
1092.04282781818 859.454545454545
1092.08074336364 831.363636363636
1092.11865954545 734
1092.15657654545 582.818181818182
1092.194494 482.363636363636
1092.23241209091 472.363636363636
1092.27033109091 556.636363636364
1092.30825072727 595.545454545455
1092.34617081818 526
1092.38409172727 515.272727272727
1092.42201309091 591.909090909091
1092.45993536364 584.454545454545
1092.49785809091 542.363636363636
1092.53578154545 579.454545454545
1092.57370572727 661.363636363636
1092.61163054545 761.545454545455
1092.64955581818 729.545454545455
1092.687482 613.181818181818
1092.72540881818 533.181818181818
1092.76333609091 521.727272727273
1092.80126427273 522.181818181818
1092.83919309091 600.909090909091
1092.87712236364 628.363636363636
1092.91505236364 598.454545454545
1092.95298327273 571.090909090909
1092.99091436364 620.363636363636
1093.02884645455 801.727272727273
1093.06677927273 804.454545454545
1093.10471263636 695.181818181818
1093.14264663636 608.454545454545
1093.18058127273 613.909090909091
1093.21851654545 641.363636363636
1093.25645254545 584.454545454545
1093.29438909091 589.545454545455
1093.33232654545 597.727272727273
1093.37026436364 666.636363636364
1093.40820290909 752.454545454545
1093.44614218182 708.636363636364
1093.48408209091 715.181818181818
1093.51999533333 211.181818181818
