714.704609909091 1404.27272727273
714.735283272727 1135.45454545455
714.765957363636 753.363636363636
714.796632090909 755.454545454545
714.827307454545 806.727272727273
714.857983545454 751.636363636364
714.888660181818 683.545454545455
714.919337545455 663.727272727273
714.950015454545 710.181818181818
714.980694181818 824.454545454545
715.011373454545 1064
715.042053363636 1094.63636363636
715.072734 878.727272727273
715.103415272727 739.727272727273
715.134097181818 726
715.164779909091 667.818181818182
715.195463090909 603.181818181818
715.226147090909 540.636363636364
715.256831727273 678.454545454545
715.287516818182 1041.18181818182
715.318202727273 2317.36363636364
715.348889181818 4549
715.379576636364 5318.18181818182
715.410264272727 3906.36363636364
715.440952818182 2135.54545454545
715.471642 1317.81818181818
715.502331909091 936.090909090909
715.533022363636 792.818181818182
715.563713636364 692.545454545455
715.594405363636 691.818181818182
715.625097909091 939.818181818182
715.655790909091 1601.72727272727
715.686484818182 2316.18181818182
715.717179090909 2206.63636363636
715.747874272727 1657
715.77857 1808
715.809266545455 3738.09090909091
715.839963636364 5914.54545454545
715.870661363636 5329.81818181818
715.901359636364 3424.27272727273
715.932058727273 2027.54545454545
715.962758545454 1525.54545454545
715.993458818182 1643.90909090909
716.024159818182 1721.63636363636
716.054861636364 1435.81818181818
716.085563818182 1088.72727272727
716.116266727273 894.636363636364
716.146970636364 952.363636363636
716.177674727273 1143.63636363636
716.208379727273 987.181818181818
716.239085636364 831.909090909091
716.269791727273 1125.90909090909
716.300498727273 2398.27272727273
716.331206363636 4765.36363636364
716.361914636364 5753.90909090909
716.392623545455 4577.90909090909
716.423333181818 2740.72727272727
716.454043363636 1647.45454545455
716.484754363636 1266
716.515465727273 1100.18181818182
716.546178181818 887.545454545455
716.576891 805.181818181818
716.607604454545 906.181818181818
716.638318636364 1047.81818181818
716.669033454545 1295.27272727273
716.699749090909 1319.45454545455
716.730465181818 1059.81818181818
716.761182090909 913.636363636364
716.791899454545 1161.63636363636
716.822617727273 1988.72727272727
716.853336363636 2344.45454545455
716.884056 1860.18181818182
716.914776 1160.09090909091
716.945496909091 852.272727272727
716.976218181818 866.181818181818
717.006940272727 1016.45454545455
717.037662909091 1032.45454545455
717.068386636364 910
717.099110636364 685.818181818182
717.129835272727 643.090909090909
717.160560818182 814.454545454545
717.191286818182 772
717.222013454545 658.454545454545
717.252740818182 682.636363636364
717.283468818182 879.454545454545
717.314197454545 1302.18181818182
717.344926727273 1855.63636363636
717.375656727273 1883
717.406387454546 1384.54545454545
717.437118636364 977.545454545455
717.467850545455 792
717.498583363636 660.909090909091
717.529316545455 556.272727272727
717.560050545455 554.272727272727
717.590785272727 609.363636363636
717.621520363636 688.818181818182
717.652256272727 778.545454545455
717.682992818182 820.818181818182
717.713730090909 761.363636363636
717.744468 688
717.775206545454 587.636363636364
717.805945727273 702.454545454545
717.836685636364 997.363636363636
717.867426090909 1088.63636363636
717.898167272727 1013.63636363636
717.928909 876.545454545455
717.959651636364 706.909090909091
717.990394909091 697.181818181818
718.021138727273 771.454545454545
718.051883090909 765
718.082628181818 662.818181818182
718.113373909091 564
718.144120454545 544.545454545455
718.174867636364 543.636363636364
718.205615272727 529.454545454545
718.236363636364 570.454545454545
718.267112727273 919.818181818182
718.297862636364 1521.45454545455
718.328612727273 1925.18181818182
718.359363727273 1660.72727272727
718.390115727273 1283
718.420868 1103.72727272727
718.451621 981.818181818182
718.482374727273 838.909090909091
718.513129 739.272727272727
718.543884090909 1010.45454545455
718.574639636364 3824
718.605396272727 20835.5454545455
718.636153272727 67228.4545454545
718.666910545454 97832.3636363636
718.697669 81128.4545454545
718.728427909091 49068.7272727273
718.759187454546 29066.4545454545
718.789947636364 19082.3636363636
718.820708636364 14098.5454545455
718.851470181818 11230.1818181818
718.882232454545 9199
718.912995272727 10723.3636363636
718.943759181818 33648.3636363636
718.974523181818 91118.9090909091
719.005288181818 123097.636363636
719.036053454545 94563.4545454545
719.066819909091 55969.9090909091
719.097586636364 33862.0909090909
719.128354181818 22672
719.159122363636 16908.5454545455
719.189891090909 13537
719.220660727273 10996.9090909091
719.251430818182 11593.8181818182
719.282201727273 28806.9090909091
719.312972909091 70350.8181818182
719.343745 86220.4545454545
719.374517909091 61216.7272727273
719.405291181818 35391.7272727273
719.436065454545 22075.8181818182
719.466840090909 15203.4545454545
719.497615636364 11830.6363636364
719.528391636363 9922.18181818182
719.559168454545 8490.45454545455
719.589945636364 8514.36363636364
719.620723636364 17945.7272727273
719.651502545454 37511.8181818182
719.682281818182 42028.9090909091
719.713061818182 27957.2727272727
719.743842545455 16625
719.774623818182 11593.1818181818
719.805405818182 8777.81818181818
719.836188454546 7016.27272727273
719.866971727273 6422.63636363636
719.897755636364 5986.54545454545
719.928540363636 5807.81818181818
719.959325545455 10365.9090909091
719.990111545455 18601.7272727273
720.020898090909 18745.8181818182
720.051685363636 12590.6363636364
720.082473363636 8478.18181818182
720.113262 6471.27272727273
720.144051 5441
720.174841 4962.54545454545
720.205631636364 4721.81818181818
720.236422909091 4555.45454545455
720.267214636364 4867.81818181818
720.298006909091 8485.90909090909
720.328800454545 13458.1818181818
720.359593909091 12617.4545454545
720.390388636364 8596.36363636364
720.421183818182 5906.63636363636
720.451979636364 4548.90909090909
720.482775909091 4178.63636363636
720.513573181818 4103.54545454545
720.544370818182 3926
720.575169545455 4063.90909090909
720.605968545455 8792.09090909091
720.636768272727 25075.5454545455
720.667568545455 41130.6363636364
720.698369636364 36744.1818181818
720.729171454545 23256.3636363636
720.759973909091 14128.9090909091
720.790776909091 9750.45454545455
720.821580545455 7676.36363636364
720.852384909091 6589.81818181818
720.883189909091 5604.90909090909
720.913995727273 5297.45454545455
720.944802 11034.3636363636
720.975609 29597.4545454545
721.006416818182 44669.1818181818
721.037225 37277.5454545455
721.068034 22963.2727272727
721.098843454546 14435.7272727273
721.129654 9842.81818181818
721.160465 7705.36363636364
721.191276363636 6609.27272727273
721.222088545455 5775.81818181818
721.252901545455 5734.63636363636
721.283715181818 10342.1818181818
721.314529454545 23519.9090909091
721.345344454545 31808.7272727273
721.376159818182 24421.9090909091
721.406976 14715.4545454545
721.437792909091 9465
721.468610454545 6823.54545454545
721.499428818182 5506.63636363636
721.530247454546 4786.36363636364
721.561067 4269.54545454545
721.591887090909 4095.54545454545
721.622708 6818.54545454545
721.653529363636 13935.6363636364
721.684351727273 16911.9090909091
721.715174272727 12225
721.745997818182 7790.36363636364
721.776822 5697.63636363636
721.807646818182 4742
721.838472 4049.63636363636
721.869298181818 3693.36363636364
721.900124909091 3517.09090909091
721.930952454545 3670.90909090909
721.961780454546 5810.27272727273
721.992609090909 10139.0909090909
722.023438636364 10981
722.054268636364 7882.18181818182
722.085099272727 5328.72727272727
722.115930727273 4177.63636363636
722.146762636364 3658.18181818182
722.177595363636 3292.45454545455
722.208428636364 3163.72727272727
722.239262636364 3185.90909090909
722.270097363636 4644.27272727273
722.300932636364 11162
722.331768636364 20538.2727272727
722.362605090909 20834.2727272727
722.393442454545 14342
722.424280363636 9036.63636363636
722.455118909091 6326.72727272727
722.485958181818 4884.90909090909
722.516798 4158.63636363636
722.547638727273 3913.90909090909
722.578479818182 4646.27272727273
722.609321818182 11117.5454545455
722.640164272727 34801.8181818182
722.671007545454 62474.8181818182
722.701851272727 59430.7272727273
722.732695909091 38635
722.763541090909 23204
722.794386727273 15243.4545454545
722.825233363636 11635.8181818182
722.856080454545 10193.6363636364
722.886928363636 8674.27272727273
722.917776636364 7537.36363636364
722.948625727273 13909.5454545455
722.979475636364 39806
723.010326 64383
723.041177181818 55573.9090909091
723.072028909091 33902.8181818182
723.102881454545 20426.4545454545
723.133734545455 13584.7272727273
723.164588090909 10335.7272727273
723.195442545455 8745.27272727273
723.226297636364 7420.63636363636
723.257153272727 6752.54545454545
723.288009636364 11802.6363636364
723.318866636364 28984.3636363636
723.349724363636 41468.7272727273
723.380582636364 32777.1818181818
723.411441545455 19817.6363636364
723.442301363636 12626.3636363636
723.473161545455 9142
723.504022545455 7701.90909090909
723.534884090909 6951.63636363636
723.565746545454 6545.81818181818
723.596609545455 6240.54545454545
723.627473 8463.54545454545
723.658337363636 16309.3636363636
723.689202272727 19891
723.720067909091 14701.1818181818
723.750934 9435.63636363636
723.781801 6921.72727272727
723.812668454545 5563.90909090909
723.843536727273 4997.72727272727
723.874405636364 4680.45454545455
723.905275 4322.63636363636
723.936145272727 3882.27272727273
723.967016090909 4733
723.997887727273 7450
724.028759818182 8233.63636363636
724.059632818182 6014.18181818182
724.090505909091 4425.54545454545
724.121380090909 3637.27272727273
724.152254909091 3331.90909090909
724.183130545454 3153.27272727273
724.214006545454 2943.63636363636
724.244883363636 2925.81818181818
724.275760727273 3144.09090909091
724.306638727273 4191.09090909091
724.337517636364 5834.54545454545
724.368396818182 6015.90909090909
724.399276909091 4817
724.430157636364 3743
724.461039090909 3113.54545454545
724.491921090909 2848.90909090909
724.522803727273 2751.90909090909
724.553687181818 2858.54545454545
724.584571272727 2979.54545454545
724.615455818182 2833.36363636364
724.646341181818 3328.81818181818
724.677227181818 3844.54545454545
724.708113727273 3573.90909090909
724.739001090909 3063.54545454545
724.769888909091 2695.81818181818
724.800777636364 2907.18181818182
724.831666909091 4104.90909090909
724.862556909091 4959.09090909091
724.893447272727 4521.45454545455
724.924338636363 3648.63636363636
724.955230545455 2990.72727272727
724.986123272727 3006.63636363636
725.017016454545 3217.18181818182
725.047910272727 3045.63636363636
725.078804636364 2789.36363636364
725.109699818182 2639.27272727273
725.140595636364 2374.18181818182
725.171492454546 2268.45454545455
725.202389545454 2375.63636363636
725.233287454545 2282.54545454545
725.264185727273 2024.09090909091
725.295084818182 2418
725.325984727273 3539
725.356885272727 4453.09090909091
725.387786272727 4379
725.418688272727 3574.36363636364
725.449590545455 2855.09090909091
725.480493545455 2334.09090909091
725.511397363636 1996.81818181818
725.542301818182 2077.27272727273
725.573206909091 2164.63636363636
725.604112454546 1995.54545454545
725.635018909091 2211.18181818182
725.665925909091 2664
725.696833727273 2718.09090909091
725.727742090909 2386.18181818182
725.758651181818 2169.45454545455
725.789560818182 2157.90909090909
725.820471181818 2271.54545454545
725.851382181818 2523
725.882293727273 2388.36363636364
725.913206090909 2201.27272727273
725.944119 2105.90909090909
725.975032636364 2041.09090909091
726.005946727273 2081.54545454545
726.036861636363 2033.36363636364
726.067777636364 1940.45454545455
726.098693636364 1746.27272727273
726.129610636364 1569.36363636364
726.160528181818 1499.54545454545
726.191446545455 1622.18181818182
726.222365272727 1646.18181818182
726.253284818182 1612
726.284205181818 1838.45454545455
726.315125909091 2152.45454545455
726.346047363636 2576.81818181818
726.376969454545 2504
726.407892363636 2081.36363636364
726.438816 1716.45454545455
726.469740181818 1572.81818181818
726.500665 1620.90909090909
726.531590363636 1680.09090909091
726.562516636364 1683.45454545455
726.593443272727 1747.72727272727
726.624370727273 1864.45454545455
726.655298818182 1875.18181818182
726.686227636363 1944.09090909091
726.717157 1799.72727272727
726.748087090909 1582.18181818182
726.779017727273 1414.81818181818
726.809949363636 1524.81818181818
726.840881454545 1764.09090909091
726.871813909091 1726.18181818182
726.902747545455 1576.36363636364
726.933681545455 1566.54545454545
726.964616181818 1788.54545454545
726.995551454545 2115.09090909091
727.026487454545 2151.63636363636
727.057424272727 1870
727.088361363636 1794.90909090909
727.119299363636 1575.18181818182
727.150238181818 1442.90909090909
727.181177363636 1494.81818181818
727.212117363636 1537
727.243057909091 1647.27272727273
727.273999272727 1825.09090909091
727.304941181818 2281.72727272727
727.335883545455 2930.54545454545
727.366827 3238.36363636364
727.397770818182 2614
727.428715272727 1917.09090909091
727.459660454545 1707.36363636364
727.490606363636 1591
727.521553090909 1494.36363636364
727.552500181818 1483.63636363636
727.583448181818 1387.72727272727
727.614396454545 1448.18181818182
727.645345727273 1645
727.676295545455 1962.81818181818
727.707246 1947.90909090909
727.738197181818 1590.90909090909
727.769149 1400.63636363636
727.800101545454 1609.18181818182
727.831054545455 2002.90909090909
727.862008090909 2715.27272727273
727.892962727273 2871.72727272727
727.923918 2335.27272727273
727.954873454545 1962.72727272727
727.985830090909 2046.54545454545
728.016787090909 2184.09090909091
728.047744727273 1861.36363636364
728.078703272727 1526.36363636364
728.109662363636 1375.18181818182
728.140621727273 1344.27272727273
728.171582363636 1425.45454545455
728.202543363636 1393.81818181818
728.233504727273 1404.72727272727
728.264467181818 1437.27272727273
728.295430181818 1665.81818181818
728.326393818182 2155.90909090909
728.357358090909 2665.90909090909
728.388323090909 2691.63636363636
728.419288818182 2151.27272727273
728.450255090909 1647.63636363636
728.481222090909 1356.36363636364
728.512189454546 1230.18181818182
728.543157909091 1268.45454545455
728.574126727273 1348.09090909091
728.605096363636 1338.18181818182
728.636066454546 1409.09090909091
728.667037363636 1668.18181818182
728.698009 1649.18181818182
728.728981181818 1457.72727272727
728.759954090909 1262
728.790927454545 1159
728.821901818182 1381.09090909091
728.852876545455 1505.09090909091
728.883852090909 1504.63636363636
728.914828181818 1561.18181818182
728.945805 1539.36363636364
728.976782454546 1495.72727272727
729.007760636364 1559.72727272727
729.038739454545 1586.81818181818
729.069718818182 1442.27272727273
729.100698909091 1376.18181818182
729.131679727273 1218.63636363636
729.162661090909 1137.54545454545
729.193643181818 1190.90909090909
729.224625909091 1212.63636363636
729.255609363636 1275.36363636364
729.286593363636 1655.27272727273
729.317578181818 2777.54545454545
729.348563363636 5990.27272727273
729.379549454545 11646.8181818182
729.410536272727 12525
729.441523363636 7948.72727272727
729.472511363636 4217.18181818182
729.503500181818 2680.81818181818
729.534489363636 2151.09090909091
729.565479363636 1971.90909090909
729.596470181818 1805.72727272727
729.627461272727 1690.72727272727
729.658453272727 1842.90909090909
729.689446 2210.72727272727
729.720439272727 2621.90909090909
729.751433181818 2389.90909090909
729.782427636364 1736.18181818182
729.813422909091 1595
729.844418818182 1636
729.875415363636 1643.54545454545
729.906412636363 1661.72727272727
729.937410545455 1546.72727272727
729.968409 1629.81818181818
729.999408090909 1869
730.030408 2019.81818181818
730.061408363636 1882.63636363636
730.092409727273 1660.18181818182
730.123411454545 1504.81818181818
730.154414090909 1311.81818181818
730.185417181818 1265.45454545455
730.216421 1349.54545454545
730.247425272727 1329.63636363636
730.278430454545 1470.36363636364
730.309436272727 2025.90909090909
730.340442636364 3090.45454545455
730.371449727273 4825.27272727273
730.402457636364 5967.27272727273
730.433465909091 4605.27272727273
730.464475 2697.45454545455
730.495484818182 1981.72727272727
730.526495 1718.81818181818
730.557506 1619.36363636364
730.588517818182 1554.72727272727
730.619530090909 1558.09090909091
730.650543090909 1669.81818181818
730.681556818182 1839.81818181818
