305.211958545455 2062.27272727273
305.232003818182 1358
305.252049545455 1037.45454545455
305.272096090909 823.727272727273
305.292143363636 615.454545454545
305.312191272727 513.727272727273
305.332239636364 410.454545454545
305.352288909091 428.181818181818
305.372338636364 710.727272727273
305.392389363636 700.454545454545
305.412440363636 332.545454545455
305.432492272727 321.909090909091
305.452544454545 374.636363636364
305.472597909091 586.909090909091
305.492651454545 856.727272727273
305.512706090909 924.090909090909
305.532761090909 747.909090909091
305.552817 466.181818181818
305.572873272727 384.545454545455
305.592930363636 423.363636363636
305.612988090909 509.272727272727
305.633046545455 978.727272727273
305.653105545455 1681.09090909091
305.673165272727 1835.81818181818
305.693225636364 1412.90909090909
305.713286727273 914.454545454545
305.733348272727 674.272727272727
305.753410818182 564.181818181818
305.773473818182 465.727272727273
305.793537272727 497.818181818182
305.813601727273 712.727272727273
305.833666545455 827.454545454545
305.853732181818 781.363636363636
305.873798454545 768.545454545455
305.893865454545 640.272727272727
305.913933090909 481.818181818182
305.934001363636 404.272727272727
305.954070363636 362.272727272727
305.974139818182 346.636363636364
305.994210090909 274.454545454545
306.014281 287.545454545455
306.034352636364 362
306.054424818182 379.636363636364
306.074497727273 352.909090909091
306.094571272727 314.454545454545
306.114645272727 398.363636363636
306.134720272727 816.545454545455
306.154795727273 1141.09090909091
306.174871909091 987
306.194948727273 732.090909090909
306.215026181818 517.181818181818
306.235104272727 444.818181818182
306.255183090909 392.363636363636
306.275262545455 385.181818181818
306.295342909091 338.727272727273
306.315423363636 336
306.335505 345.454545454545
306.355587 346.090909090909
306.375669818182 315.636363636364
306.395753181818 268.636363636364
306.415837272727 301.181818181818
306.435921909091 341.636363636364
306.456007363636 411.818181818182
306.476093363636 600
306.496180181818 679
306.516267363636 564.090909090909
306.536355454546 450.909090909091
306.556444181818 412.363636363636
306.576533363636 363.272727272727
306.596623363636 277.090909090909
306.616714181818 283.909090909091
306.636805363636 383.818181818182
306.656897363636 486.181818181818
306.676989909091 558.727272727273
306.697083363636 541.727272727273
306.717177181818 469.363636363636
306.737271636364 386.636363636364
306.757366818182 351.090909090909
306.777462818182 357.818181818182
306.797559545455 499.727272727273
306.817656545455 580.181818181818
306.837754545455 552.727272727273
306.857853090909 512.818181818182
306.877952363636 508.727272727273
306.898052181818 445.363636363636
306.918152454546 399
306.938254 389.727272727273
306.958355454546 373.090909090909
306.978458181818 375.545454545455
306.998561272727 375.363636363636
307.018665181818 340
307.038769454546 340.454545454545
307.058874909091 315.636363636364
307.078980454546 304.181818181818
307.099087 337.272727272727
307.119194090909 428.363636363636
307.139301909091 653.363636363636
307.159410090909 793
307.179519181818 871
307.199629090909 877.272727272727
307.219739181818 711.545454545455
307.239850363636 566
307.259962181818 513.181818181818
307.280074363636 453.181818181818
307.300187454545 410.545454545455
307.320301090909 389
307.340415545455 382.909090909091
307.360530545455 399.272727272727
307.380646181818 432
307.400762454545 395.545454545455
307.420879363636 373.545454545455
307.440997181818 348.181818181818
307.461115363636 444.727272727273
307.481234272727 565.727272727273
307.501354090909 601.545454545455
307.521474181818 548.363636363636
307.541595181818 581
307.561716636364 548.545454545455
307.581839090909 426.818181818182
307.601961909091 457.363636363636
307.622085363636 1094.18181818182
307.642209545455 1725.45454545455
307.662334454545 2017
307.682460090909 2505.81818181818
307.702586181818 2930.81818181818
307.722713090909 2442.63636363636
307.742840454546 1634.18181818182
307.762968818182 1089.36363636364
307.783097454545 864.818181818182
307.803227090909 812.545454545455
307.823357090909 768.090909090909
307.843487818182 798
307.863619545455 1017.72727272727
307.883751636364 1458.81818181818
307.903884272727 1481
307.924017818182 1357.45454545455
307.944151818182 1100.36363636364
307.964286636364 860.363636363636
307.984421818182 700.363636363636
308.004558 603.090909090909
308.024694727273 607.090909090909
308.044832 575.363636363636
308.064970090909 521.727272727273
308.085108909091 488.727272727273
308.105248181818 568
308.125388090909 935
308.145528909091 1833.27272727273
308.165670090909 3695
308.185812090909 5054.09090909091
308.205954909091 4306
308.226098090909 2904.54545454545
308.246242090909 1917.09090909091
308.266386636364 1323.72727272727
308.286532 1005.45454545455
308.306677909091 833.727272727273
308.326824545455 739.272727272727
308.346971636364 643.363636363636
308.367119545455 538.545454545455
308.387268363636 676
308.407417454545 901.181818181818
308.427567272727 704.181818181818
308.447717818182 504.909090909091
308.467869181818 448.272727272727
308.488020909091 605.636363636364
308.508173363636 712.181818181818
308.528326454545 736.181818181818
308.548480363636 746.454545454545
308.568635 598.363636363636
308.588790090909 472.545454545455
308.608945909091 525.454545454545
308.629102454545 672.636363636364
308.649259545454 1341.72727272727
308.669417363636 5327.09090909091
308.689575636364 11274
308.709734818182 10846.1818181818
308.729894545455 6759.63636363636
308.750054909091 3860.90909090909
308.770216 2526.09090909091
308.790377818182 1847.45454545455
308.810540090909 1492.36363636364
308.830703272727 1292.09090909091
308.850866818182 1055.90909090909
308.871031272727 789.636363636364
308.891196363636 991.818181818182
308.911361818182 1734.54545454545
308.931528363636 1357.45454545455
308.951695272727 745.636363636364
308.971862818182 706.363636363636
308.992031272727 727.727272727273
309.012200272727 662.818181818182
309.032369727273 623.272727272727
309.052540272727 669.181818181818
309.072711181818 685.272727272727
309.092882545454 692.545454545455
309.113054909091 977.454545454545
309.133227818182 2774.09090909091
309.153401363636 31983.3636363636
309.173575545455 137294.545454545
309.193750454545 186550
309.213926090909 151553
309.234102363636 100228.636363636
309.254279090909 66522.5454545455
309.274456818182 45602.0909090909
309.294635090909 34099.1818181818
309.314813818182 27875.9090909091
309.334993090909 22240.4545454545
309.355173272727 14703.9090909091
309.375354090909 9086.72727272727
309.395535636364 18182.2727272727
309.415717727273 27146.2727272727
309.435900545455 14655.6363636364
309.456084 8289.72727272727
309.476268181818 10012.6363636364
309.496452909091 41610.2727272727
309.516638454545 93001.8181818182
309.536824454545 94598.3636363636
309.557011272727 68090.3636363636
309.577198545455 44144.0909090909
309.597386454545 29687.8181818182
309.617575363636 23201.2727272727
309.637764727273 19248.9090909091
309.657954909091 14953.8181818182
309.678145363636 12048
309.698336909091 8491.45454545455
309.718528909091 8404.72727272727
309.738721454545 15258.9090909091
309.758914909091 13700.2727272727
309.779108909091 7658.27272727273
309.799303454545 5668.27272727273
309.819498818182 8303.45454545455
309.839694636364 23785.8181818182
309.859891181818 33254.3636363636
309.880088454545 28387.9090909091
309.900286454545 19469.7272727273
309.920485090909 13506.1818181818
309.940684272727 10191.5454545455
309.960884272727 8914.27272727273
309.981084909091 7374.54545454545
310.001286 6298.72727272727
310.021487909091 5141.45454545455
310.041690272727 3958
310.061893727273 4942
310.082097454545 6566.63636363636
310.102302181818 4912.90909090909
310.122507181818 4090
310.142713090909 6804
310.162919454545 15292.4545454545
310.183126545455 20144
310.203334454545 17095.1818181818
310.223542818182 12015
310.243752 8361.18181818182
310.263961818182 6129.09090909091
310.284172363636 5223.09090909091
310.304383363636 4794
310.324595090909 4024.45454545455
310.344807545455 3293.45454545455
310.365020636364 2837.27272727273
310.385234272727 3562.72727272727
310.405448727273 4189.27272727273
310.425663818182 3311.72727272727
310.445879454545 2510.45454545455
310.466095727273 2270.09090909091
310.486312818182 2449.72727272727
310.506530636364 3783.27272727273
310.526748909091 4815.45454545455
310.546967909091 4367.63636363636
310.567187545455 3410.54545454545
310.587407909091 2798
310.607628909091 2637.45454545455
310.627850272727 2726.90909090909
310.648072727273 4102.27272727273
310.668295545455 6397.36363636364
310.688519181818 6560.27272727273
310.708743363636 5504
310.728968272727 4349
310.749194090909 3652.36363636364
310.769420181818 3040.63636363636
310.789647090909 2581.18181818182
310.809874818182 2469.09090909091
310.830102909091 5011
310.850331818182 11225.0909090909
310.870561090909 12645.5454545455
310.890791454545 10071.0909090909
310.911022090909 7151.54545454545
310.931253909091 5278.90909090909
310.951485909091 4048.90909090909
310.971718727273 3361
310.991952272727 2997.18181818182
311.012186454545 2670.27272727273
311.032421272727 2191.90909090909
311.052656545455 2014.18181818182
311.072892636364 2844.09090909091
311.093129454545 3029.27272727273
311.113366818182 2520.45454545455
311.133605090909 3070.63636363636
311.153843636364 10226.1818181818
311.174083181818 46924.0909090909
311.194323181818 79408.3636363636
311.214564 70908.0909090909
311.234805272727 48230.7272727273
311.255047272727 32058
311.275290090909 21789.1818181818
311.295533363636 16210.4545454545
311.315777363636 13203.9090909091
311.336022 10801.7272727273
311.356267363636 8092.90909090909
311.376513363636 5267.63636363636
311.396759909091 7056.54545454545
311.417007272727 12171
311.437255090909 8397.54545454545
311.457503727273 4783.27272727273
311.477753090909 4238
311.498002909091 11731.7272727273
311.518253545455 31867.8181818182
311.538504727273 37322.1818181818
311.558756636364 28659.5454545455
311.579009363636 18954.8181818182
311.599262636364 12594
311.619516545455 9576.63636363636
311.639770818182 8498.09090909091
311.660026 7912.09090909091
311.680281909091 8316.81818181818
311.700538545455 7752
311.720795636364 6592.45454545455
311.741053545455 7444.90909090909
311.761311909091 7367.27272727273
311.781571181818 4581.45454545455
311.801830909091 3540.81818181818
311.822091272727 3981.54545454545
311.842352363636 8756.36363636364
311.862614272727 13397.2727272727
311.882876636364 12312.7272727273
311.903139909091 8966.81818181818
311.923403454545 6517.45454545455
311.943668 5102
311.963933181818 4560.09090909091
311.984198727273 4030.45454545455
312.004465181818 3535.81818181818
312.024732181818 3207.45454545455
312.044999909091 2651.54545454545
312.065268272727 2674.36363636364
312.085537363636 3386.09090909091
312.105806818182 3048.09090909091
312.126077363636 2632
312.146348363636 2650.27272727273
312.166619818182 4027.72727272727
312.186892181818 6605.45454545455
312.207165181818 7195.63636363636
312.227438636364 5889.09090909091
312.247713181818 4539.09090909091
312.267988181818 3505
312.288263454545 2955.45454545455
312.308539909091 2780.81818181818
312.328816727273 2652.81818181818
312.349094272727 2557.90909090909
312.369372636364 2159.81818181818
312.389651454545 1881.36363636364
312.409930909091 2188
312.430211272727 2265.18181818182
312.450492090909 1878.45454545455
312.470773545455 1920.54545454545
312.491055818182 2533.09090909091
312.511338545454 6349.54545454545
312.531622090909 10207.2727272727
312.551906363636 9626.81818181818
312.572191090909 7110.18181818182
312.592476454545 5072.09090909091
312.612762545455 3840.09090909091
312.633049454545 3312.27272727273
312.653336909091 3089.18181818182
312.673625090909 2963.45454545455
312.693913909091 2721.36363636364
312.714203090909 2290.90909090909
312.734493181818 2263.18181818182
312.754784 2807.81818181818
312.775075454545 2351.27272727273
312.795367454545 1788.90909090909
312.815660090909 2226.45454545455
312.835953545455 9860.90909090909
312.856247636364 27676
312.876542181818 32215.1818181818
312.896837727273 24421.8181818182
312.917133727273 15996.9090909091
312.937430181818 10678.0909090909
312.957727727273 7795.72727272727
312.978025636364 6292.09090909091
312.998324090909 5259.90909090909
313.018623454545 4284.72727272727
313.038923454545 3131.72727272727
313.059224090909 2764
313.079525272727 4747.81818181818
313.099827272727 5494.18181818182
313.12013 4345.72727272727
313.140433181818 4793.36363636364
313.160737 13988.8181818182
313.181041454545 66347.5454545455
313.201346727273 114087.454545455
313.221652545455 102476
313.241959363636 68968.9090909091
313.262266454545 45129.9090909091
313.282574272727 30823.0909090909
313.302882636364 22996.4545454545
313.323191818182 18670.5454545455
313.343501636364 15271.4545454545
313.363812272727 11204.4545454545
313.384123363636 6776.27272727273
313.404435181818 9524
313.424747545455 17359
313.445060636364 11716.6363636364
313.465374545455 6411.45454545455
313.485688909091 5733.54545454545
313.506004 15635.4545454545
313.526319818182 39598.6363636364
313.546636090909 43955.6363636364
313.566953181818 33201.1818181818
313.587270909091 22345.5454545455
313.607589363636 15269.9090909091
313.627908363636 11824.0909090909
313.648228090909 10523.8181818182
313.668548545455 8700.27272727273
313.688869545455 7497
313.709191181818 5895.36363636364
313.729513545455 5221.18181818182
313.749836545455 7612.90909090909
313.770160090909 7800.90909090909
313.790484454545 5116.36363636364
313.810809454545 4222.81818181818
313.831135090909 4479.45454545455
313.851461181818 8919.27272727273
313.871788181818 12293.8181818182
313.892115909091 10752.0909090909
313.912444090909 7973.27272727273
313.932773 6063.81818181818
313.953102545455 4770.27272727273
313.973432818182 4287.72727272727
313.993763636364 3933.90909090909
314.014095181818 3510.81818181818
314.034427454545 3163.72727272727
314.054760272727 2763.45454545455
314.075093818182 2874.63636363636
314.095428090909 3475.90909090909
314.115762909091 3147.27272727273
314.136098272727 3103
314.156434363636 3656.54545454545
314.176771272727 5681.09090909091
314.197108818182 7343.45454545455
314.217447 6809.36363636364
314.237785727273 5200.36363636364
314.258125181818 3979.63636363636
314.278465272727 3365.63636363636
314.298806 2993.09090909091
314.319147363636 2811.09090909091
314.339489454545 2721.09090909091
314.359832272727 2568.72727272727
314.380175545455 2390.45454545455
314.400519545455 2396.54545454545
314.420864272727 2468.36363636364
314.441209727273 2303.81818181818
314.461555727273 2117
314.481902454545 2242.45454545455
314.502249727273 2302.81818181818
314.522597818182 2495.45454545455
314.542946545455 2563.45454545455
314.563295818182 2428.81818181818
314.583645727273 2237.36363636364
314.603996545455 2040.27272727273
314.624347727273 2066.54545454545
314.644699727273 2230.09090909091
314.665052181818 2507.18181818182
314.685405545455 2895.45454545455
314.705759454545 2845.72727272727
314.726113909091 2429.72727272727
314.746469272727 2034.72727272727
314.766825272727 1984.81818181818
314.787181636364 2032.27272727273
314.807538909091 2013.18181818182
314.827896727273 2019
314.848255363636 2368.81818181818
314.868614454545 2717.36363636364
314.888974363636 2613
314.909335 2450.63636363636
314.929696090909 2044.54545454545
314.950058 1710.36363636364
314.970420272727 1640.72727272727
314.990783363636 1697.81818181818
315.011147181818 1756.36363636364
315.031511636364 1750.90909090909
315.051876818182 1716.18181818182
315.072242636364 1701.90909090909
315.092609 1828.18181818182
315.112976181818 1873.54545454545
315.133343727273 2285.63636363636
315.153712454545 2924
315.174081454546 3213.90909090909
315.194451090909 3096.63636363636
315.214821454545 2564.18181818182
315.235192454545 2048.90909090909
315.255564181818 1725.09090909091
315.275936454545 1677.81818181818
315.296309454545 1661.18181818182
315.316683363636 1596.36363636364
315.337057454545 1566.36363636364
315.357432454545 1625.54545454545
315.377808363636 1598.09090909091
315.398184454545 1645.45454545455
315.418561454545 1722.90909090909
315.438939090909 1476.45454545455
315.459317363636 1375
315.479696363636 1409.45454545455
315.500075909091 1362.18181818182
315.520456272727 1349.63636363636
315.540837090909 1446.81818181818
315.561218454545 1424.72727272727
315.581600909091 1351
315.601983454545 1344.72727272727
315.622367272727 1440.27272727273
315.642751454545 1433.45454545455
315.663136363636 1448.36363636364
315.683521909091 1567
315.703908090909 1501.45454545455
315.724294909091 1462.36363636364
315.744682272727 1370.90909090909
315.765070363636 1301
315.785459272727 1381.72727272727
315.805848909091 1418.81818181818
315.826238909091 1340.63636363636
315.846629545455 1323.81818181818
315.867021181818 1419.09090909091
315.887413272727 1454.18181818182
315.907806 1265.18181818182
315.928199454545 1251.45454545455
315.948593454545 1382
315.968988181818 1334.18181818182
315.989383454545 1173.09090909091
316.009779727273 1201.36363636364
316.030176272727 1316.63636363636
316.050573818182 1379.09090909091
316.070971818182 1289.36363636364
316.091370272727 1144.63636363636
316.111769909091 1297.72727272727
316.132169818182 1997.27272727273
316.152570363636 2813.63636363636
316.172971727273 3020.18181818182
316.193373727273 2789
316.213776363636 2266.45454545455
316.234179636364 1744
316.254583636364 1614.18181818182
316.274988272727 1623.18181818182
316.295393363636 1496.81818181818
316.315799272727 1333.36363636364
316.336205909091 1256.72727272727
316.356613272727 1211.54545454545
316.377021090909 1243.18181818182
316.397429727273 1290
316.417839 1428.45454545455
316.438248818182 1334.18181818182
316.458659090909 1284.54545454545
316.479070363636 1356.72727272727
316.499482090909 1384.09090909091
316.519895 1325.54545454545
316.540308 1239.90909090909
316.560722 1207.45454545455
316.581136 1259.54545454545
316.601551272727 1362.90909090909
316.621967 1542.18181818182
316.642383727273 1621.63636363636
316.662800818182 1667.81818181818
316.683218636364 1832.27272727273
316.703636909091 1636.72727272727
316.724056 1364.09090909091
316.744475818182 1317.90909090909
316.764896181818 1274.27272727273
316.785317181818 1165.63636363636
316.805739 1258.63636363636
316.826161363636 1300.18181818182
316.846584454545 1315.81818181818
316.867008181818 1314.72727272727
316.887432454545 1294.09090909091
316.907857454546 1291.54545454545
316.928283181818 1291.54545454545
316.948709545455 1231.72727272727
316.969136545455 1193.27272727273
316.989564 1167.63636363636
317.009992545455 1185.81818181818
317.030421545455 1244.36363636364
317.050850909091 1099.36363636364
317.071281181818 1031.18181818182
317.091712181818 1182.18181818182
317.112143727273 1345.27272727273
317.132576 1531.72727272727
317.153008909091 1605.81818181818
317.173442545455 1819.27272727273
317.193876727273 2282.54545454545
