459.313064 2941.18181818182
459.337654 2158.09090909091
459.362244818182 1769.27272727273
459.386836090909 1640.36363636364
459.411428090909 1467.09090909091
459.436020909091 1370.36363636364
459.460614090909 1502.45454545455
459.485208090909 1613.18181818182
459.509803 1592.72727272727
459.534398090909 1610.72727272727
459.558994090909 1686.63636363636
459.583590909091 1548.45454545455
459.608188090909 1450.81818181818
459.632786 1443.36363636364
459.657384727273 1403.18181818182
459.681983909091 1409.54545454545
459.706583818182 1748.72727272727
459.731184545455 2221.63636363636
459.755785727273 2211.18181818182
459.780387636364 1858.90909090909
459.804990272727 1668.63636363636
459.829593545455 1527.18181818182
459.854197545454 1537
459.878801636364 1577.72727272727
459.903406727273 1567.27272727273
459.928012727273 1501.18181818182
459.952619545455 1354.63636363636
459.977226636364 1252.09090909091
460.001834454545 1247.90909090909
460.026442727273 1153.72727272727
460.051052 1117.36363636364
460.075661727273 1095.63636363636
460.100272090909 1074.90909090909
460.124883363636 1177.18181818182
460.149495181818 1270.27272727273
460.174107545455 1401.72727272727
460.198720727273 1915.72727272727
460.223334363636 2598.54545454545
460.247948818182 2738.54545454545
460.272564 2389.90909090909
460.297179727273 1915.54545454545
460.321796090909 1476.09090909091
460.346413090909 1241.45454545455
460.371030727273 1142.90909090909
460.395649090909 1170.81818181818
460.420268090909 1187.09090909091
460.444887727273 1110
460.469508090909 1024.90909090909
460.494129 1043.27272727273
460.518750636364 1020.18181818182
460.543373 1143.81818181818
460.567996 1213.27272727273
460.592619454546 1162.09090909091
460.617244090909 1132.27272727273
460.641869 961.727272727273
460.666494454545 936.090909090909
460.691120818182 1048.36363636364
460.715747545455 1244.45454545455
460.740375181818 1312.72727272727
460.765003363636 1265.90909090909
460.789632272727 1126.72727272727
460.814261818182 990.090909090909
460.838892 1008.72727272727
460.863522909091 999.363636363636
460.888154454545 1026.90909090909
460.912786636364 1113.63636363636
460.937419454546 1138.18181818182
460.962052818182 1095.90909090909
460.986687090909 1109.18181818182
461.011321818182 1083.45454545455
461.035957454545 977.090909090909
461.060593636364 942
461.085230272727 950.272727272727
461.109867818182 918.909090909091
461.134505909091 842.090909090909
461.159144727273 864.454545454545
461.183784 1038.90909090909
461.208424 1305.81818181818
461.233064818182 1472.27272727273
461.257706090909 1505.09090909091
461.282348181818 1411.63636363636
461.306990909091 1184.09090909091
461.331634272727 1064.27272727273
461.356278363636 1071.54545454545
461.380923 1029.90909090909
461.405568454546 998.090909090909
461.430214454545 914.636363636364
461.454861090909 913.545454545455
461.479508454545 990.545454545455
461.504156454545 1026.54545454545
461.528805 1054.54545454545
461.553454363636 1017.81818181818
461.578104181818 923.909090909091
461.602754727273 776.545454545455
461.627406090909 764.090909090909
461.652058 809
461.676710454545 1211.36363636364
461.701363909091 3553.36363636364
461.726017636364 8377.90909090909
461.750672454546 9581.27272727273
461.775327454546 6830.90909090909
461.799983454545 4069.36363636364
461.824639909091 2647.63636363636
461.849297090909 2030.18181818182
461.873954909091 1832.09090909091
461.898613545455 1625.36363636364
461.923272727273 1412.27272727273
461.947932545455 1216.72727272727
461.972592818182 1257.81818181818
461.997254090909 1747.81818181818
462.021915727273 1832.63636363636
462.046578454545 1165.09090909091
462.071241545455 1014.36363636364
462.095905272727 1034.81818181818
462.120569545455 1018.81818181818
462.145234636364 1016.54545454545
462.169900363636 1046.63636363636
462.194566909091 1635.36363636364
462.219234090909 4117.18181818182
462.243901636364 6262.63636363636
462.268570090909 5393.54545454545
462.293239090909 3557
462.317908727273 2504.36363636364
462.342579 1883.72727272727
462.36725 1493.63636363636
462.391921909091 1385
462.416594090909 1296.63636363636
462.441267090909 1144
462.465940818182 984.454545454545
462.490615090909 1195.45454545455
462.515290090909 1455.45454545455
462.539965636364 1137.81818181818
462.564641909091 1028.27272727273
462.589318909091 1126.54545454545
462.613996363636 1088.27272727273
462.638674818182 1001.36363636364
462.663353727273 1007.27272727273
462.688033090909 1042
462.712713363636 1582.90909090909
462.737394363636 2322.09090909091
462.762075909091 2407
462.786758 1945.81818181818
462.811440909091 1571.18181818182
462.836124363636 1395.72727272727
462.860808636364 1275.90909090909
462.885493363636 1213.63636363636
462.910178909091 1113.36363636364
462.934865 974.727272727273
462.959551909091 976.272727272727
462.984239272727 1074.36363636364
463.008927545455 1211.81818181818
463.033616090909 1146.72727272727
463.058305727273 1044
463.082995818182 991
463.107686727273 971.272727272727
463.132377818182 1061.18181818182
463.15707 1113.27272727273
463.181762818182 1165.18181818182
463.206456090909 1937.90909090909
463.231150090909 8477.63636363636
463.255844909091 41428.8181818182
463.280540181818 85333.4545454545
463.305236272727 79390.2727272727
463.329933 47215.9090909091
463.354630363636 25523.1818181818
463.379328454545 15236.6363636364
463.404026909091 10527.7272727273
463.428726363636 8272.72727272727
463.453426181818 6686.72727272727
463.478126727273 4903.72727272727
463.502828090909 3186.90909090909
463.527529909091 5017.09090909091
463.552232727273 10656.5454545455
463.576935727273 7532.63636363636
463.601639727273 3205.63636363636
463.626344636364 2448.18181818182
463.651049636364 2212.72727272727
463.675755636364 2186
463.700462272727 2211.27272727273
463.725169454545 3868.45454545455
463.749877272727 15463.2727272727
463.774585909091 40087.5454545455
463.799294909091 45821
463.824004909091 31051.7272727273
463.848715363636 16389.0909090909
463.873426454545 9910.18181818182
463.898138272727 6988.81818181818
463.922850727273 5454.18181818182
463.947563818182 4683
463.972277636364 3912.45454545455
463.996992181818 2820.90909090909
464.021707181818 3015.45454545455
464.046423 5681
464.071139454545 5772.18181818182
464.095856545455 2928.18181818182
464.120574363636 2314.09090909091
464.145292636364 2356.45454545455
464.170011636364 2136.45454545455
464.194731545455 2133.90909090909
464.219451727273 2582.36363636364
464.244172818182 5177.63636363636
464.268894545454 12131.2727272727
464.293616818182 15966.2727272727
464.318339909091 12505.2727272727
464.343063545455 7430.45454545455
464.367787909091 4720.54545454545
464.392513 3600.63636363636
464.417238454545 3235.63636363636
464.441964818182 2928.81818181818
464.466691818182 2495
464.491419454545 2113.18181818182
464.516147636364 2033.45454545455
464.540876636364 2764.90909090909
464.565606090909 3362
464.590336454545 2492.27272727273
464.615067454545 2142.90909090909
464.639798909091 2001.36363636364
464.664531181818 1896.18181818182
464.689264 2011.72727272727
464.713997636364 2346.63636363636
464.738731727273 3410.54545454545
464.763466636364 4777.36363636364
464.788202 5728.27272727273
464.812938272727 4874.81818181818
464.837675 3451.45454545455
464.862412636364 2553.27272727273
464.887151 2264.90909090909
464.911889727273 2074.45454545455
464.936629 1900.90909090909
464.961369090909 1835.72727272727
464.98611 1752.09090909091
465.010851363636 1579.90909090909
465.035593454545 1521.45454545455
465.060336181818 1708.63636363636
465.085079636364 1503.27272727273
465.109823727273 1504.72727272727
465.134568363636 1497.36363636364
465.159313818182 1546.27272727273
465.18406 2151.63636363636
465.208806454545 6615.81818181818
465.233554 18422.5454545455
465.258302090909 23281.6363636364
465.283050636364 16929.6363636364
465.3078 9918.45454545455
465.33255 6281.27272727273
465.357300727273 4488.27272727273
465.382051909091 3531.90909090909
465.406803818182 2843.81818181818
465.431556545455 2402.45454545455
465.456309818182 2009.90909090909
465.481063727273 2008.54545454545
465.505818454546 3174.27272727273
465.530573727273 3660.18181818182
465.555329636364 2338.72727272727
465.580086 1877
465.604843545455 1644
465.629601272727 1514.81818181818
465.654359818182 1589.36363636364
465.679118909091 1933.45454545455
465.703878818182 4397.63636363636
465.728639454545 11654.9090909091
465.753400636364 17670.3636363636
465.778162545455 16869.5454545455
465.802924727273 12090.9090909091
465.827688090909 7639.09090909091
465.852451818182 4837.63636363636
465.877216363636 3623.09090909091
465.901981636364 3064.54545454545
465.926747181818 2656.45454545455
465.951513727273 2111.54545454545
465.976281 1928.18181818182
466.001048636364 2437.09090909091
466.025817 2964.90909090909
466.050586090909 2413
466.075355909091 2013.90909090909
466.100126090909 1649.09090909091
466.124897181818 1604.63636363636
466.149668909091 1572.45454545455
466.174441454546 1652.81818181818
466.199214454545 2263.81818181818
466.223988181818 5141.72727272727
466.248762454545 12451.7272727273
466.273537454545 28146.7272727273
466.298313181818 38348.1818181818
466.323089454545 29512.5454545455
466.347866454545 16549.9090909091
466.372644090909 9641.81818181818
466.397422454545 6318.72727272727
466.422201363636 4848.90909090909
466.446980909091 3922.18181818182
466.471761181818 3243.18181818182
466.496542181818 2781.90909090909
466.521323727273 2768
466.546105909091 4004.18181818182
466.570888818182 5450.45454545455
466.595672545455 3213.18181818182
466.620456636364 2074.27272727273
466.645241636364 1842.09090909091
466.670026909091 2305.36363636364
466.694813181818 6873.81818181818
466.719599909091 23339.9090909091
466.744387636364 36383.3636363636
466.769175909091 34957.6363636364
466.793964727273 30496.0909090909
466.818754 22966
466.843544090909 14495.0909090909
466.868335 9105.81818181818
466.893126636364 6574.36363636364
466.917918636364 5217.09090909091
466.942711545455 4186.63636363636
466.967504818182 3563.27272727273
466.992298909091 4398
467.017093818182 5461.63636363636
467.041889090909 3706.27272727273
467.066685090909 3689.54545454545
467.091481909091 3045.54545454545
467.116279272727 2390
467.141077272727 2225.09090909091
467.165875818182 2274.81818181818
467.190675454545 3729.18181818182
467.215475454545 10393.6363636364
467.240276 18441.2727272727
467.265077454545 18168.9090909091
467.289879363636 14001.6363636364
467.314682090909 10092.9090909091
467.339485272727 6917.54545454545
467.364289272727 4846.81818181818
467.389093909091 3930
467.413899272727 3286.90909090909
467.438705272727 2810.18181818182
467.463511727273 2434.72727272727
467.488319 2772.72727272727
467.513127 3750.63636363636
467.537935454546 3106.63636363636
467.562744727273 2598.72727272727
467.587554636364 2238.27272727273
467.612365090909 1866.09090909091
467.637176272727 1811.63636363636
467.661988090909 1879.45454545455
467.686800636364 2333.81818181818
467.711613818182 4503.27272727273
467.736427636364 8662.63636363636
467.761242363636 9768.72727272727
467.786057545454 8169.27272727273
467.810873181818 6104.72727272727
467.835689636364 4441.18181818182
467.860506909091 3292
467.885324545455 2720.72727272727
467.910143090909 2407.90909090909
467.934962090909 2280.18181818182
467.959781909091 2156.36363636364
467.984602272727 2088
468.009423454545 2359.09090909091
468.034245090909 2281
468.059067454545 1991.90909090909
468.083890545455 1845.18181818182
468.108714181818 1724.18181818182
468.133538636364 1705.09090909091
468.158363727273 1652.63636363636
468.183189363636 1890.63636363636
468.208015727273 3938
468.232842727273 11466.6363636364
468.257670363636 19366.2727272727
468.282498818182 19338.3636363636
468.307327818182 14060.8181818182
468.332157181818 8789.81818181818
468.356987818182 5305.81818181818
468.381818636364 3849.90909090909
468.406650090909 3462.36363636364
468.431482454545 2978.09090909091
468.456315454545 2412
468.481149 2025.72727272727
468.505983272727 2466.18181818182
468.530818 3316.63636363636
468.555653727273 2839.63636363636
468.58049 2137.90909090909
468.605326727273 1716.72727272727
468.630164090909 1754
468.655002454545 1733.27272727273
468.679841090909 1694.81818181818
468.704680909091 2392.45454545455
468.729521090909 5496.63636363636
468.754361727273 10548.2727272727
468.779203181818 16542.1818181818
468.804045454545 20130.5454545455
468.828888272727 16024.9090909091
468.853731636364 9533.90909090909
468.878575818182 6109
468.903420545455 4446.63636363636
468.928266 3576.72727272727
468.953112 3043.18181818182
468.977959 2596
469.002806181818 2474.45454545455
469.027654272727 2619.18181818182
469.052503 2721.45454545455
469.077352545455 3129.63636363636
469.102202545455 2423.36363636364
469.127053 1966
469.151904727273 1919.72727272727
469.176756636364 1887.72727272727
469.201609 2625.90909090909
469.226462545455 5249.18181818182
469.251316545455 11770.5454545455
469.276171181818 31330.1818181818
469.301026545454 55503.4545454545
469.325882454545 50034.3636363636
469.350739 29332.6363636364
469.375596363636 16058.6363636364
469.400454181818 10055.4545454545
469.425312727273 7352
469.450172090909 5824.09090909091
469.475032 4736.72727272727
469.499892545455 3879.18181818182
469.524753909091 3421.81818181818
469.549615636364 4524.18181818182
469.574478181818 7580.45454545455
469.599341545455 5444.72727272727
469.624205272727 2775.72727272727
469.649069818182 2350.54545454545
469.673935 2446.90909090909
469.698800909091 4646.09090909091
469.723667181818 14687
469.748534454546 26240.2727272727
469.773402181818 29290.6363636364
469.798270727273 31463.6363636364
469.823139818182 27458.1818181818
469.848009727273 17996.3636363636
469.872880181818 10747.8181818182
469.897751181818 7373.45454545455
469.922622818182 5626.72727272727
469.947495454545 4326.45454545455
469.972368545455 3438.81818181818
469.997242363636 3718.81818181818
470.022116454545 4673.45454545455
470.046991454546 3939.36363636364
470.071867363636 4325.54545454545
470.096743636364 3902
470.121620636364 2642.63636363636
470.146498454545 2395.72727272727
470.171376727273 2411.45454545455
470.196255727273 2992.54545454545
470.221135454545 6792.36363636364
470.246015727273 12788.9090909091
470.270896727273 13800.1818181818
470.295778272727 12514.2727272727
470.320660636364 9843.09090909091
470.345543636364 6903.36363636364
470.370427272727 4726.45454545455
470.395311454545 3588.54545454545
470.420196272727 3093.81818181818
470.445081818182 2742.54545454545
470.469968090909 2353.54545454545
470.494855090909 2457.72727272727
470.519742636364 3213.90909090909
470.544630909091 2856.27272727273
470.569519727273 2347.18181818182
470.594409090909 2244.36363636364
470.619299454545 2015.90909090909
470.644190181818 2074.36363636364
470.669081727273 2024.36363636364
470.693973909091 2101.27272727273
470.718866727273 2786.45454545455
470.743760181818 4243.27272727273
470.768654272727 4779.72727272727
470.793549090909 4435.36363636364
470.818444545454 3750.72727272727
470.843340636364 2886.09090909091
470.868237454545 2320.54545454545
470.893135090909 2053.27272727273
470.918033090909 1985.27272727273
470.942931818182 1930.72727272727
470.967831272727 1899.90909090909
470.992731181818 1767.54545454545
471.017632090909 1812.81818181818
471.042533181818 1985.72727272727
471.067435272727 1827.45454545455
471.092338090909 1660.63636363636
471.117241272727 1463.72727272727
471.142145363636 1487
471.167050272727 1642.27272727273
471.191955272727 1758.90909090909
471.216861272727 2062.72727272727
471.241768 2746
471.266675272727 3536.36363636364
471.291583181818 3869.09090909091
471.316491818182 3302.18181818182
471.341401090909 2473.90909090909
471.366310909091 1904.63636363636
471.391221727273 1619.81818181818
471.416132909091 1544.63636363636
471.441044727273 1586.72727272727
471.465957545455 1566.81818181818
471.490870727273 1612.09090909091
471.515784636364 1855.09090909091
471.540699090909 2164.18181818182
471.565614090909 2133.90909090909
471.590530090909 1820.18181818182
471.615446727273 1518.09090909091
471.640364 1536.09090909091
471.665281545455 1509.36363636364
471.690200090909 1449.09090909091
471.715119090909 1483.45454545455
471.740039090909 1663.63636363636
471.764959545454 1720.81818181818
471.789880818182 1640.18181818182
471.814802545455 1686.63636363636
471.839724909091 1713.90909090909
471.864647909091 1541.54545454545
471.889571818182 1664
471.914496090909 1661.09090909091
471.939421181818 1493.27272727273
471.964347 1379.36363636364
471.989273272727 1198.90909090909
472.014200454545 1194.36363636364
472.039128 1301.27272727273
472.064056545455 1348.36363636364
472.088985545455 1325.18181818182
472.113915090909 1185.27272727273
472.138845636364 1193.27272727273
472.163776545455 1328.63636363636
472.188708181818 1487.54545454545
472.213640454546 1701.36363636364
472.238573454545 2071.27272727273
472.263507 2196.63636363636
472.288441363636 2122.54545454545
472.313376363636 1884.63636363636
472.338311818182 1516.18181818182
472.363248090909 1354.54545454545
472.388185 1271.27272727273
472.413122636364 1268.90909090909
472.438060818182 1254.54545454545
472.462999818182 1172.54545454545
472.487939363636 1185.72727272727
472.512879636364 1431.81818181818
472.537820363636 1519.63636363636
472.562761727273 1536.45454545455
472.587703909091 1443.90909090909
472.612646909091 1265.54545454545
472.637590636364 1178.72727272727
472.662534727273 1073.18181818182
472.687479545454 1300.45454545455
472.712424909091 1365.18181818182
472.737371 1384.09090909091
472.762317909091 1411.54545454545
472.787265272727 1413
472.812213272727 1423.36363636364
472.837162181818 1415.36363636364
472.862111636364 1425.09090909091
472.887061636364 1368.18181818182
472.912012363636 1250.27272727273
472.936963818182 1114.81818181818
472.961915818182 1202.09090909091
472.986868454545 1246.54545454545
473.011822 1178.18181818182
473.036776 1108.72727272727
473.061730454545 1040
473.086686181818 953.818181818182
473.111642090909 1030
473.136598545455 1152.36363636364
473.161556090909 1331.27272727273
473.186514090909 2105.36363636364
473.211472545455 3622
473.236432 4077.72727272727
473.261391818182 2978.27272727273
473.286352454545 2054.18181818182
