738.464345090909 455.545454545455
738.495524181818 434
738.526704090909 423.636363636364
738.557884909091 386.636363636364
738.589066 350.545454545455
738.620248 288.636363636364
738.651430363636 340.818181818182
738.682613454546 420.454545454545
738.713797363636 342.545454545455
738.744981909091 272.818181818182
738.776167090909 285.090909090909
738.807353090909 320
738.838539272727 286.272727272727
738.869726454545 301.272727272727
738.900914272727 373.272727272727
738.932102909091 364.363636363636
738.963292 303.909090909091
738.994481545455 301.363636363636
739.025672090909 291.818181818182
739.056863181818 309.818181818182
739.088055 308.272727272727
739.119247545455 316.181818181818
739.150440545455 303.272727272727
739.181634181818 290
739.212828545455 275.636363636364
739.244023545454 325.636363636364
739.275219363636 372.454545454545
739.306415454545 510
739.337612454545 705.545454545455
739.368810363636 701.727272727273
739.400008545455 586
739.431207545455 544.181818181818
739.462407272727 455.727272727273
739.493607545455 353.545454545455
739.524808545455 327.909090909091
739.556010090909 348.363636363636
739.587212454546 357.545454545455
739.618415454545 370.363636363636
739.649618909091 385.363636363636
739.680823181818 393.454545454545
739.712028181818 312.727272727273
739.743233727273 262
739.774439818182 328.363636363636
739.805646818182 318.909090909091
739.836854363636 288.636363636364
739.868062545454 304.818181818182
739.899271545455 308.818181818182
739.930480818182 278.454545454545
739.961691181818 306.818181818182
739.992901818182 311.727272727273
740.024113545455 267.454545454545
740.055325545455 261.454545454545
740.086538363636 248.636363636364
740.117751818182 283.454545454545
740.148965909091 334
740.180180727273 339.909090909091
740.211396272727 326.727272727273
740.242612363636 357.909090909091
740.273829 485.636363636364
740.305046545455 713.636363636364
740.336264545455 1584.18181818182
740.367483454545 4816.90909090909
740.398702636364 10253.8181818182
740.429922636364 11026.4545454545
740.461143454545 6493.63636363636
740.492364727273 2864.27272727273
740.523586909091 1568.36363636364
740.554809454545 1114.36363636364
740.586033090909 932.636363636364
740.617257 838.454545454545
740.648481272727 698.454545454545
740.679707 622.818181818182
740.710933 760
740.742159363636 1277.90909090909
740.773386636364 1115.72727272727
740.804614636364 560.454545454545
740.835843272727 466.909090909091
740.867072545455 492.818181818182
740.898302545455 420.454545454545
740.929533 430.181818181818
740.960764363636 504.818181818182
740.991996090909 450.181818181818
741.023228727273 407.818181818182
741.054461818182 408.363636363636
741.085695727273 501.090909090909
741.116930363636 473.363636363636
741.148165545455 433.909090909091
741.179401454545 487.545454545455
741.210637909091 598.909090909091
741.241875 660.363636363636
741.273112818182 655.272727272727
741.304351363636 679.818181818182
741.335590454546 940.636363636364
741.366830181818 2087.27272727273
741.398070727273 4478.27272727273
741.429311909091 5229.54545454545
741.460553818182 3326.45454545455
741.491795909091 1626
741.523039 937
741.554282909091 696.818181818182
741.585527090909 692.727272727273
741.616772272727 651.272727272727
741.648018 551
741.679264363636 534.636363636364
741.710511363636 630
741.741759181818 806.818181818182
741.773007545455 856.454545454545
741.804256545455 554.363636363636
741.835506181818 518.909090909091
741.866756636364 550.818181818182
741.898007636364 509.272727272727
741.929259 501.272727272727
741.960511636364 458.363636363636
741.991764272727 475.454545454545
742.023017909091 505.818181818182
742.054272272727 499
742.085527272727 518.272727272727
742.116782818182 513.545454545455
742.148039090909 455
742.179296090909 414
742.210553545455 430.727272727273
742.241811818182 507.272727272727
742.273070727273 680.363636363636
742.304330090909 1025.90909090909
742.335590363636 2157.90909090909
742.366851090909 10514.4545454545
742.398112818182 50202.6363636364
742.429374909091 136605.545454545
742.460637818182 175706.818181818
742.491901181818 116795.909090909
742.523165363636 51660.5454545455
742.554430272727 25087.5454545455
742.585695545455 15825.9090909091
742.616961818182 11468.7272727273
742.648228363636 8784.54545454545
742.679496090909 6422.72727272727
742.710764181818 4599.36363636364
742.742033 6045.81818181818
742.773302272727 13455.9090909091
742.804572272727 16280.4545454545
742.835843090909 6848
742.867114545454 3467.36363636364
742.898386545455 3243.45454545455
742.929659272727 2866.90909090909
742.960932636364 2619.36363636364
742.992206545455 2843.90909090909
743.023481454546 2750.18181818182
743.054756545454 2466.45454545455
743.086032545455 2598.90909090909
743.117309454546 3188.54545454545
743.148586636364 3065.09090909091
743.179864636364 2473.18181818182
743.211143272727 2389.18181818182
743.242422545454 2245.54545454545
743.273702454545 2107.81818181818
743.304983090909 2480.81818181818
743.336264363636 2962
743.367546272727 6097.09090909091
743.398828727273 20838.2727272727
743.430112090909 54168.3636363636
743.461396 72567.7272727273
743.492680454545 50191.3636363636
743.523965636364 22786.0909090909
743.555251545455 11718.9090909091
743.586538090909 8034.18181818182
743.617825181818 6092.63636363636
743.649113090909 5098.54545454545
743.680401636364 4309.54545454545
743.711690636364 3574.72727272727
743.742980636364 3967.72727272727
743.774271181818 6807.63636363636
743.805562272727 8253.45454545455
743.836854090909 4370.18181818182
743.868146545455 2687.54545454545
743.899439545455 2642.18181818182
743.930733272727 2731.81818181818
743.962027909091 2614.90909090909
743.993322909091 2529.54545454545
744.024618545454 2454.63636363636
744.055915 2332.27272727273
744.087212090909 2252.54545454545
744.118509727273 2521.81818181818
744.149808090909 2451.63636363636
744.181107181818 2013.90909090909
744.212406818182 1994.90909090909
744.243707090909 2078.09090909091
744.275008181818 2143.45454545455
744.306309909091 1972.27272727273
744.337612272727 2083.09090909091
744.368915272727 2794.09090909091
744.400218909091 6157
744.431523272727 14215.3636363636
744.462828181818 19078.3636363636
744.494133545454 13815
744.525440090909 6999.81818181818
744.556747 4073.54545454545
744.588054363636 3059.72727272727
744.619362818182 2642.27272727273
744.650671545455 2290.27272727273
744.681981181818 1969.54545454545
744.713291363636 1796.45454545455
744.744602181818 1915.72727272727
744.775913909091 2636.45454545455
744.807226 3071
744.838538909091 2158.54545454545
744.869852454545 1686.54545454545
744.901166636364 1627.36363636364
744.932481545455 1478.09090909091
744.963796727273 1568.81818181818
744.995113 1717.18181818182
745.026429727273 1732.81818181818
745.057747363636 1642.45454545455
745.089065363636 1465.36363636364
745.120384181818 1359.45454545455
745.151703636364 1400.63636363636
745.183023727273 1383.36363636364
745.214344545455 1416.63636363636
745.245665818182 1507.27272727273
745.276988 1562.36363636364
745.308310818182 1658.72727272727
745.339634 1735.18181818182
745.370958 2160.54545454545
745.402282818182 3374.81818181818
745.433608181818 5244.18181818182
745.464934181818 5847.90909090909
745.496260818182 4263.90909090909
745.527588181818 2622
745.558916181818 1789.09090909091
745.590244909091 1504
745.621574090909 1532.45454545455
745.652904181818 1470.90909090909
745.684234818182 1289
745.715565909091 1163.54545454545
745.746897818182 1223.36363636364
745.778230727273 1421.54545454545
745.809563818182 1462.36363636364
745.840897727273 1188.18181818182
745.872232454545 1041.45454545455
745.903567636364 988.454545454545
745.934903545455 946.272727272727
745.966239909091 981.363636363636
745.997577272727 1074.45454545455
746.028915 1153.45454545455
746.060253818182 1104.18181818182
746.091592818182 1025.72727272727
746.122932818182 1052.63636363636
746.154273 1143.09090909091
746.185614181818 1267.36363636364
746.216956 1327.54545454545
746.248298545455 1225.27272727273
746.279641818182 1077.45454545455
746.310985363636 1059.27272727273
746.342330090909 1452.90909090909
746.373675181818 2872.09090909091
746.405020818182 6836
746.436367272727 10579.1818181818
746.467714363636 9384.18181818182
746.499062 5443.45454545455
746.530410454545 2955.09090909091
746.561759545455 2045.81818181818
746.593109181818 1675
746.624459727273 1530.90909090909
746.655810818182 1322.72727272727
746.687162272727 1134.36363636364
746.718514636364 1049.90909090909
746.749867636364 1244.54545454545
746.781221272727 1639.54545454545
746.812575727273 1400.72727272727
746.843930727273 1056.90909090909
746.875286181818 972.181818181818
746.906642727273 993.363636363636
746.937999727273 1036.36363636364
746.969357 991.454545454545
747.000715454546 971.545454545455
747.032074363636 1009.45454545455
747.063433909091 961.272727272727
747.094794363636 914.545454545455
747.126155272727 910.181818181818
747.157516545455 879
747.188878818182 866.272727272727
747.220241636364 892.545454545455
747.251605363636 977.636363636364
747.282969363636 1050
747.314334363636 1122.90909090909
747.345699818182 1298.27272727273
747.377066090909 2192.90909090909
747.408433 5213.27272727273
747.439800363636 10454.5454545455
747.471168454545 13018.8181818182
747.502537181818 9459.09090909091
747.533906727273 4842.36363636364
747.565276909091 2710.63636363636
747.596647636364 1999.09090909091
747.628019 1554.90909090909
747.659391181818 1339.63636363636
747.690764 1208.90909090909
747.722137272727 1225.54545454545
747.753511272727 1468.18181818182
747.784886181818 1810.18181818182
747.816261454545 1872.63636363636
747.847637545455 1337.90909090909
747.879014181818 1010.54545454545
747.910391545455 931.909090909091
747.941769545455 842.090909090909
747.973148272727 810.272727272727
748.004527727273 962.545454545455
748.035907545455 1073.81818181818
748.067288272727 961.545454545455
748.098669454545 939.454545454545
748.130051454545 1072.45454545455
748.161434181818 1013.90909090909
748.192817363636 902.272727272727
748.224201363636 894.909090909091
748.255585909091 904.636363636364
748.286971363636 983.636363636364
748.318357272727 1087.27272727273
748.349743545455 1520.81818181818
748.381130818182 3921.54545454545
748.412518818182 16569.9090909091
748.443907363636 48623.7272727273
748.475296545455 70212.9090909091
748.506686363637 51232.2727272727
748.538077 23209.7272727273
748.569468181818 10975.3636363636
748.60086 6985.54545454545
748.632252545455 4994.09090909091
748.663645727273 3907.09090909091
748.695039545455 3248.27272727273
748.726433818182 2526.27272727273
748.757828909091 2734.54545454545
748.789224727273 5293.54545454545
748.820621363636 7211.90909090909
748.852018545454 3752.36363636364
748.883416090909 1979.27272727273
748.914814636364 1774.63636363636
748.946213727273 1739.18181818182
748.977613454545 1755.54545454545
749.009013909091 1743.54545454545
749.040414909091 1759.36363636364
749.071816545455 1573.72727272727
749.103218909091 1506
749.134621909091 1786.81818181818
749.166025636363 1945.18181818182
749.197429909091 1612.63636363636
749.228834909091 1530.18181818182
749.260240636364 1557.90909090909
749.291646909091 1483.54545454545
749.323053909091 1538.90909090909
749.354461727273 1668.54545454545
749.385869909091 2732.18181818182
749.417278909091 7285.36363636364
749.448688545455 18722.4545454545
749.480098818182 25434.7272727273
749.511509636364 18080.7272727273
749.542921090909 8652.09090909091
749.574333636364 4666.45454545455
749.605746454545 3314
749.637159818182 2689
749.668574090909 2388.81818181818
749.699988909091 1976.63636363636
749.731404818182 1623
749.762820818182 1821
749.794237727273 2801.54545454545
749.825655 3323.09090909091
749.857073181818 2073.54545454545
749.888492 1499.81818181818
749.919911545454 1531.72727272727
749.951331818182 1476.54545454545
749.982752454545 1401
750.014174 1470.36363636364
750.045596090909 1477.72727272727
750.077018818182 1392.45454545455
750.108442272727 1325.09090909091
750.139866272727 1412.72727272727
750.171291181818 1487.36363636364
750.202716454545 1458.63636363636
750.234142545455 1389.09090909091
750.265569272727 1316.18181818182
750.296996727273 1310.09090909091
750.328424727273 1395.63636363636
750.359853454545 1529.09090909091
750.391282818182 1794.81818181818
750.422712818182 3134.90909090909
750.454143454545 6215.09090909091
750.485574727273 7542.90909090909
750.517006727273 5273.27272727273
750.548439363636 2823.54545454545
750.579872727273 1897.54545454545
750.611306636364 1512.72727272727
750.642741272727 1455.27272727273
750.674176727273 1538.18181818182
750.705612636364 1441.90909090909
750.737049181818 1301.09090909091
750.768486363636 1266.63636363636
750.799924272727 1640.45454545455
750.831363 1790
750.862802090909 1469.90909090909
750.894242 1206.54545454545
750.925682454545 1170.36363636364
750.957123636364 1066.81818181818
750.988565454545 951.272727272727
751.020008181818 970.636363636364
751.051451454545 1006.36363636364
751.082895363636 1075
751.114339545455 1101.90909090909
751.145784727273 1133.63636363636
751.177230545455 1089.63636363636
751.208677090909 1121
751.240124181818 1175.54545454545
751.271572 1133.54545454545
751.303020363636 1166.72727272727
751.334469363636 1213.27272727273
751.365919272727 1236.90909090909
751.397369636364 1375.81818181818
751.428820818182 1881.18181818182
751.460272545455 3374.54545454545
751.491724909091 4112.54545454545
751.523177909091 3079.54545454545
751.554631818182 1792.27272727273
751.586085909091 1356.18181818182
751.617540909091 1240.63636363636
751.648996818182 1096.18181818182
751.680453090909 1051.36363636364
751.711910090909 1025.72727272727
751.743367727273 1036.81818181818
751.774826181818 1048.18181818182
751.806285181818 1111.36363636364
751.837744545455 1210.72727272727
751.869205090909 1053.36363636364
751.900666090909 844.272727272727
751.932127363636 777
751.963589818182 817.727272727273
751.995052818182 782.181818181818
752.026516181818 805.727272727273
752.057980636364 801.909090909091
752.089445454546 848.272727272727
752.120910909091 874.909090909091
752.152377272727 908.090909090909
752.183844090909 926.818181818182
752.215311636364 863.909090909091
752.246779636364 815.727272727273
752.278248545455 865.363636363636
752.309718181818 1089.36363636364
752.341188181818 1381.36363636364
752.372659181818 1604.27272727273
752.404130636364 2225.63636363636
752.435602818182 4213.18181818182
752.467075545455 7832.36363636364
752.498549 8561
752.530023090909 5395.09090909091
752.561497909091 2748.18181818182
752.592973181818 1859.09090909091
752.624449363636 1498.90909090909
752.655926181818 1287.72727272727
752.687403636364 1132.81818181818
752.718881636364 1065.18181818182
752.750360272727 1005
752.781839727273 1046.18181818182
752.813319727273 1448
752.844800545455 1494.90909090909
752.876281727273 1040.27272727273
752.907763727273 853.818181818182
752.939246545454 802.454545454545
752.970729727273 757.818181818182
753.002213727273 783.272727272727
753.033698545455 794.545454545455
753.065183727273 716
753.096669727273 706.818181818182
753.128156363636 797.727272727273
753.159643545455 870.454545454545
753.191131545454 888.545454545455
753.22262 927.636363636364
753.254109454545 1000.54545454545
753.285599272727 1079.27272727273
753.317089909091 1479.18181818182
753.348581090909 2321.27272727273
753.380072818182 3065.54545454545
753.411565636364 4899.18181818182
753.443058727273 12873.9090909091
753.474552636364 26480.0909090909
753.506047090909 27907.2727272727
753.537542090909 16387.8181818182
753.569038090909 7270.18181818182
753.600534636364 4091.09090909091
753.632031909091 3007.81818181818
753.663529545454 2392.27272727273
753.695028090909 2071.54545454545
753.726527181818 1727.45454545455
753.758026909091 1411.27272727273
753.789527545455 1854.36363636364
753.821028545455 3161.54545454545
753.852530272727 3064.81818181818
753.884032545454 1666.72727272727
753.915535636364 1236
753.947039454545 1164.27272727273
753.978543818182 1185.90909090909
754.010048909091 1216.18181818182
754.041554636364 1236.54545454545
754.073061 1265.81818181818
754.104568 1214.90909090909
754.136075636364 1164.81818181818
754.167584 1248.09090909091
754.199093 1292.72727272727
754.230602636364 1238.72727272727
754.262112909091 1277.54545454545
754.293623909091 1447.18181818182
754.325135636364 1717.27272727273
754.356647909091 2374.45454545455
754.388160818182 4082.09090909091
754.419674363636 13892.1818181818
754.451188636364 49798.3636363636
754.482703545455 97826.0909090909
754.514219181818 92447.3636363636
754.545735363636 49079.2727272727
754.577252363636 21577.2727272727
754.60877 12137.7272727273
754.640288 8514.90909090909
754.671807 6610.27272727273
754.703326454545 5323.18181818182
754.734846727273 4120.63636363636
754.766367454546 3382.36363636364
754.797888909091 5690.81818181818
754.829411 10455.4545454545
754.860933909091 7892.18181818182
754.892457545454 3240.09090909091
754.923981636364 2508.45454545455
754.955506545454 2357.90909090909
754.987031818182 2187.36363636364
755.018557818182 2202.54545454545
755.050084818182 2195.09090909091
755.081612181818 2158.90909090909
755.113140181818 2030.81818181818
755.144669090909 2229.63636363636
755.176198272727 2586.72727272727
755.207728363636 2137.36363636364
755.239259181818 1875.72727272727
755.270790454546 1834.54545454545
755.302322636364 1992.72727272727
755.333855090909 2245.81818181818
755.365388727273 2324.45454545455
755.396922727273 2859.90909090909
755.428457090909 6660.18181818182
755.459992727273 17876.3636363636
755.491528636364 29021.4545454545
755.523065181818 23844.2727272727
755.554602363636 12086.8181818182
755.586140363636 6350.27272727273
755.617679181818 4249.36363636364
755.649218272727 3365.45454545455
755.680758272727 3088.63636363636
755.712298909091 2858.18181818182
755.743840181818 2386.36363636364
755.775382 2209.36363636364
755.806924636364 2943.36363636364
755.838468 3974.27272727273
755.870011727273 2991.27272727273
755.901556272727 2062
755.933101454546 1867.90909090909
755.964647272727 1943.18181818182
755.996193909091 1914.36363636364
756.027741090909 1881.36363636364
756.059288818182 1695.45454545455
756.090837363636 1535.81818181818
756.122386545455 1678.18181818182
756.153936363636 1751.72727272727
756.185486636364 1677.36363636364
756.217037727273 1525.72727272727
756.248589636364 1609.45454545455
756.280142090909 1613.18181818182
756.311695272727 1784.90909090909
756.343248909091 2039.36363636364
756.374803363636 2026.54545454545
756.406358363637 2031.81818181818
756.437914272727 2928.90909090909
756.469470454546 5454
756.501027454545 7142.90909090909
756.532585363636 5556.54545454545
756.564143636364 3266.27272727273
756.595702727273 2305.36363636364
756.627262363636 1962.27272727273
756.658822727273 1792
756.690383727273 1683.63636363636
756.721945454545 1607.72727272727
756.753507636364 1457.27272727273
756.785070636364 1465.63636363636
756.816634363636 1711.27272727273
756.848198545455 1789.81818181818
756.879763545455 1461.90909090909
756.911329 1353.27272727273
756.942895545455 1400.90909090909
756.974462272727 1389.27272727273
757.006029727273 1448.18181818182
757.037598181818 1472.27272727273
757.069166818182 1393
757.100736636364 1351.45454545455
757.132306727273 1343.63636363636
757.163877636364 1233.54545454545
757.195449181818 1216.09090909091
757.227021363636 1286.36363636364
757.258594272727 1346.18181818182
757.290167636364 1303.36363636364
757.321741909091 1301.09090909091
757.353316545455 1311.90909090909
757.384892090909 1475.63636363636
757.416468272727 1634.45454545455
757.448045090909 1731.81818181818
