367.737170363636 3772.27272727273
367.759173090909 2824.63636363636
367.781176636364 1944
367.803180727273 1585.90909090909
367.825185454545 2234.63636363636
367.847190909091 2962.54545454545
367.869197 2764.27272727273
367.891203727273 2132.90909090909
367.913210909091 1624.45454545455
367.935218909091 1317.81818181818
367.957227818182 1301.09090909091
367.979236909091 1268.27272727273
368.001246909091 1055.09090909091
368.023257818182 994.909090909091
368.045268909091 918
368.067280909091 903.727272727273
368.089293727273 946
368.111306909091 943.272727272727
368.133320909091 1124.81818181818
368.155335454545 2005.45454545455
368.177350727273 3016.72727272727
368.199366545455 3289.27272727273
368.221383363636 3152.54545454545
368.243400363636 2535.18181818182
368.265418363636 1982.36363636364
368.287437090909 1512.18181818182
368.309456272727 1251.54545454545
368.331476181818 1085.27272727273
368.353496636364 987
368.375517818182 937.909090909091
368.397539727273 1077.27272727273
368.419562090909 1271.72727272727
368.441585181818 1117.72727272727
368.463609090909 940.909090909091
368.485633636364 979.727272727273
368.507658818182 1073.54545454545
368.529684454545 1040.27272727273
368.551711 914
368.573738090909 847.181818181818
368.595766 829.454545454545
368.617794454545 821.636363636364
368.639823454545 1357.90909090909
368.661853363636 2152.27272727273
368.683883454545 2315.45454545455
368.705914454546 1986.09090909091
368.727946454545 1662.72727272727
368.749978727273 1336.54545454545
368.772011818182 1146.27272727273
368.794045454545 1018.54545454545
368.81608 954.727272727273
368.838115 1085.90909090909
368.860150636364 1226.27272727273
368.882186909091 1184.63636363636
368.904223909091 1191.09090909091
368.926261636364 1041.54545454545
368.948299818182 929.636363636364
368.970338818182 943.272727272727
368.992378454545 928.181818181818
369.014418727273 874
369.036459636364 859
369.058501272727 809.909090909091
369.080543545455 873.727272727273
369.102586454545 929.181818181818
369.12463 987.363636363636
369.146674363636 1362.90909090909
369.168719272727 2158.63636363636
369.190764545455 2705.81818181818
369.212810727273 2667.90909090909
369.234857636364 2082.90909090909
369.256905454545 1650.90909090909
369.278953454545 1369.90909090909
369.301002363636 1205.18181818182
369.323051636364 1383.18181818182
369.345101727273 1418
369.367152545455 1265.09090909091
369.389204363636 1129.45454545455
369.411256454546 1111.90909090909
369.433309181818 1079
369.455362454545 1044.54545454545
369.477416545455 1042.36363636364
369.499471454545 1043.45454545455
369.521526727273 1018
369.543583 965.090909090909
369.565639545455 942.909090909091
369.587697 936.909090909091
369.609755 881.090909090909
369.631813818182 964.636363636364
369.653873090909 1078
369.675933181818 1478.45454545455
369.697993909091 1683.36363636364
369.720055272727 1417.36363636364
369.742117181818 1191.81818181818
369.764179909091 1125.90909090909
369.786243090909 1026.36363636364
369.808307 997
369.830371818182 1234.09090909091
369.852437 1650.27272727273
369.874502909091 1640.09090909091
369.896569727273 1356.90909090909
369.918636909091 1075.54545454545
369.940704909091 893.545454545455
369.962773545455 865.272727272727
369.984842727273 930.181818181818
370.006912545454 1017.54545454545
370.028983090909 968.545454545455
370.051054363636 811.272727272727
370.073126090909 778.454545454545
370.095198818182 918
370.117272 1086
370.139345818182 1284.45454545455
370.161420272727 1824.72727272727
370.183495545455 2182.09090909091
370.205571272727 2066.63636363636
370.227647818182 1767.90909090909
370.249724818182 1537.36363636364
370.271802818182 1437.72727272727
370.293881272727 1333.45454545455
370.315960272727 1202.27272727273
370.338040090909 1110
370.360120454545 1049.63636363636
370.382201545455 1021.45454545455
370.404283181818 1098.09090909091
370.426365727273 1146.27272727273
370.448448818182 990.545454545455
370.470532454545 974.545454545455
370.492617090909 1045.27272727273
370.514702 1064.54545454545
370.536787636364 1064.27272727273
370.558874 1067.72727272727
370.580961 1064.18181818182
370.603048727273 964.181818181818
370.625136909091 1011.27272727273
370.647225909091 1405.54545454545
370.669315727273 4073.18181818182
370.691405909091 10908.0909090909
370.713496909091 13137.2727272727
370.735588545455 9282
370.757680818182 5390.72727272727
370.779773818182 3390.45454545455
370.801867181818 2499.72727272727
370.823961545455 2049
370.846056272727 1789.90909090909
370.868152090909 1589.81818181818
370.890248181818 1304.45454545455
370.912345181818 1179.90909090909
370.934442818182 1890.36363636364
370.956541 2113.09090909091
370.978639818182 1329.36363636364
371.000739181818 1037.54545454545
371.022839454545 1010.81818181818
371.044940272727 965.818181818182
371.067041818182 926.363636363636
371.089143909091 1019.54545454545
371.111246818182 1058.72727272727
371.133350090909 1147.54545454545
371.155454363636 1681.90909090909
371.177559090909 3674.27272727273
371.199664727273 6824.18181818182
371.221770727273 7332.81818181818
371.243877454545 5547.18181818182
371.265984909091 3561.90909090909
371.288092909091 2819.54545454545
371.310201727273 2655.09090909091
371.332311 2228.54545454545
371.354421090909 1830
371.376531818182 1527.90909090909
371.398643272727 1315.72727272727
371.420755272727 1338.90909090909
371.442867727273 1677.63636363636
371.464981272727 1563.72727272727
371.487095181818 1205.18181818182
371.509209909091 1344
371.531325181818 1491.36363636364
371.553441090909 1456.90909090909
371.575557818182 1438.36363636364
371.597675090909 1519.72727272727
371.619793090909 1948.72727272727
371.641911545455 3160.63636363636
371.664031090909 17544.7272727273
371.686151 176710.363636364
371.708271272727 593206.909090909
371.730392727273 748280.545454545
371.752514454545 586228.636363636
371.774637090909 374158
371.796760181818 244687.909090909
371.818884090909 168837.909090909
371.841008818182 128753.181818182
371.863133909091 106177.272727273
371.885259818182 84285.4545454545
371.907386363636 54504.2727272727
371.929513454545 38821.5454545455
371.951641363636 78579.2727272727
371.973769636364 104922.636363636
371.995898727273 54697.6363636364
372.018028636364 31059
372.040159181818 22504.1818181818
372.062290272727 18144.0909090909
372.084422090909 15963.2727272727
372.106554454545 15165.2727272727
372.128687454545 15042.9090909091
372.150821363636 12161.5454545455
372.172955636364 25992.8181818182
372.195090636364 144897.818181818
372.217226363636 325746.272727273
372.239362909091 328752.090909091
372.261499909091 221446.727272727
372.283637454545 134113.454545455
372.305775909091 86082.6363636364
372.327914909091 61441.8181818182
372.350054636364 49111.5454545455
372.372194818182 41494.8181818182
372.394335818182 30953.2727272727
372.416477545454 19819
372.438619727273 22830.9090909091
372.460762727273 46611.3636363636
372.482906545455 40804.7272727273
372.505050545455 20343.5454545455
372.527195545455 14827.5454545455
372.549341272727 13117.7272727273
372.571487454545 12114.9090909091
372.593634363636 11913
372.615781909091 11977.5454545455
372.637930181818 11129
372.660079090909 10322.4545454545
372.682228454545 20510.0909090909
372.704378727273 63994.3636363636
372.726529545455 96747.7272727273
372.748681181818 81218.3636363636
372.770833363636 50976.1818181818
372.792986272727 32313
372.815139545454 23166.8181818182
372.837293727273 18995.5454545455
372.859448545455 16798
372.881604272727 14495.5454545455
372.903760272727 11526
372.925917 10022.3636363636
372.948074545455 13318.3636363636
372.970232545455 17677.9090909091
372.992391181818 12827.2727272727
373.014550727273 9500.27272727273
373.036710727273 8342.81818181818
373.058871636364 7882.45454545455
373.081032818182 7942.63636363636
373.103194818182 7990.27272727273
373.125357727273 7673.36363636364
373.147520818182 7282.81818181818
373.169684909091 8112.36363636364
373.191849636364 13836.9090909091
373.214014909091 25337.5454545455
373.236180909091 27731.7272727273
373.258347545455 21334.0909090909
373.280515 14633.6363636364
373.302682818182 10963.0909090909
373.324851545455 9349.72727272727
373.347020818182 8458.81818181818
373.369190818182 7979.54545454545
373.391361454545 7349.90909090909
373.413532727273 6562.63636363636
373.435704727273 6577.36363636364
373.457877090909 7707.18181818182
373.480050272727 7874.72727272727
373.502224181818 6281.18181818182
373.524399 5671.63636363636
373.546574 5330.72727272727
373.56875 5386.36363636364
373.590926363636 5471.63636363636
373.613103727273 5329.45454545455
373.635281363636 5401.27272727273
373.65746 5823.45454545455
373.679639272727 8385.90909090909
373.701819 17071.0909090909
373.723999363636 23978.6363636364
373.746180454545 20666.0909090909
373.768362272727 13650.7272727273
373.790544909091 9749.63636363636
373.812728 7909.54545454545
373.834911818182 6873.27272727273
373.857096 6247.09090909091
373.879281181818 5764.45454545455
373.901467 5349.63636363636
373.923653272727 5180.81818181818
373.945840454545 5767.18181818182
373.968028090909 6580.72727272727
373.990216454545 5489.90909090909
374.012405545455 4661.09090909091
374.034595272727 4657.27272727273
374.056785636364 4546.72727272727
374.078976636364 4405.27272727273
374.101168363636 4411
374.123360545455 4494.90909090909
374.145553545455 4516.36363636364
374.167747181818 5435.45454545455
374.189941454545 13440.6363636364
374.212136454546 40184.2727272727
374.234332 57383.9090909091
374.256528363636 45871.9090909091
374.278725181818 28059.7272727273
374.300922909091 17782.5454545455
374.323121090909 12377.0909090909
374.345320090909 9864.09090909091
374.367519636364 8695.45454545455
374.389719818182 7742.09090909091
374.411920636364 6260.63636363636
374.434122181818 5033.36363636364
374.456324363636 7242.09090909091
374.478527181818 9598.09090909091
374.500730727273 6383.36363636364
374.522935 4916.72727272727
374.545139818182 4765.45454545455
374.567345272727 4711.09090909091
374.589551454545 4538.36363636364
374.611758181818 4551.72727272727
374.633965545455 4837.18181818182
374.656173818182 5518.18181818182
374.678382545455 15739.7272727273
374.700592181818 104174.181818182
374.722802181818 284738.272727273
374.745012818182 318158.272727273
374.767224272727 222189.363636364
374.789436454545 131307.454545455
374.811649181818 82447.1818181818
374.833862545455 56392.0909090909
374.856076636364 43454.0909090909
374.878291272727 35744.1818181818
374.900506636364 27531.1818181818
374.922722636364 17271.6363636364
374.944939272727 16777.4545454545
374.967156727273 37822.5454545455
374.989374636364 38770.6363636364
375.011593181818 17628.8181818182
375.033812636364 11288.4545454545
375.056032636364 9275.63636363636
375.078253090909 8358.18181818182
375.100474454545 8452.81818181818
375.122696454545 8684.27272727273
375.144918909091 8485.18181818182
375.167142272727 7970.45454545455
375.189366090909 19981.0909090909
375.211590727273 75062.4545454545
375.233815818182 124903.636363636
375.256041727273 107429.181818182
375.278268545455 66124.7272727273
375.300495727273 40083.8181818182
375.322723636364 26613.3636363636
375.344951818182 20199.2727272727
375.367181272727 17267.5454545455
375.389411 14707.7272727273
375.411641545455 11364.5454545455
375.433872727273 9247
375.456104363636 12951.9090909091
375.478337090909 19549.6363636364
375.500570090909 13801.4545454545
375.522804090909 8938.72727272727
375.545038363636 7672.18181818182
375.567273363636 6967.63636363636
375.589509181818 6876
375.611745636364 6895.90909090909
375.633982818182 6890.45454545455
375.656220454545 6904.45454545455
375.678458818182 7566
375.700697909091 14503.7272727273
375.722937818182 31372.3636363636
375.745177909091 35709
375.767419 26788.0909090909
375.789660818182 17372.9090909091
375.811903090909 12273.3636363636
375.834146090909 10076.1818181818
375.856389818182 8953.36363636364
375.878634 8336.63636363636
375.900879 7441.72727272727
375.923124818182 6375.54545454545
375.945370909091 6321.90909090909
375.967617909091 8260.54545454545
375.989865545455 8720.27272727273
376.012113727273 6552.72727272727
376.034362727273 5636.72727272727
376.056612454545 5391.18181818182
376.078862545455 5438.54545454545
376.101113545455 5247.18181818182
376.123365 5287.36363636364
376.145617272727 5437
376.167870090909 5734
376.190123636364 6896
376.212377909091 13242
376.234632818182 20305.0909090909
376.256888181818 18090.2727272727
376.279144181818 12529.1818181818
376.301401181818 9056.72727272727
376.323658727273 7267.45454545455
376.345917 6462.18181818182
376.368175727273 6066.54545454545
376.390435181818 5695.18181818182
376.412695272727 5233.90909090909
376.434956090909 4815.63636363636
376.457217454546 5209
376.479479454545 6145.36363636364
376.501742454545 5347.09090909091
376.524005545455 4530.81818181818
376.546269545454 4510.09090909091
376.568534454545 4299.81818181818
376.590799909091 4092.54545454545
376.613066090909 4257.36363636364
376.635332545455 4531.09090909091
376.657600181818 5117.36363636364
376.679868181818 6599.36363636364
376.702136545455 13952.6363636364
376.724406181818 33462.8181818182
376.746676181818 40715.0909090909
376.768946636364 30473.9090909091
376.791218 18402.8181818182
376.81349 12167.7272727273
376.835762545455 9136.45454545455
376.858035909091 7576.81818181818
376.880309909091 6763.18181818182
376.902584363636 5894.18181818182
376.924859545455 4965.36363636364
376.947135545455 4883.09090909091
376.969412 6809.63636363636
376.991689454545 7776.54545454545
377.013967272727 5330.45454545455
377.036245818182 4247.27272727273
377.058525 3935.09090909091
377.080804818182 3802.90909090909
377.103085363636 3943.54545454545
377.125366545455 4150.27272727273
377.147648454545 4684.45454545455
377.169930818182 6474.81818181818
377.192214 16165.7272727273
377.214497909091 69649.6363636364
377.236782363636 143599.909090909
377.259067363636 137483.818181818
377.281353181818 85917.4545454545
377.303639818182 49430.8181818182
377.325926818182 31221.3636363636
377.348214454545 22137.2727272727
377.370503 17599
377.392792181818 14544.6363636364
377.415081727273 11216.1818181818
377.437372272727 7762.72727272727
377.459663272727 10205.9090909091
377.481955090909 20076
377.504247363636 15644
377.526540363636 7689.45454545455
377.548834090909 6288.45454545455
377.571128363636 5732.72727272727
377.593423363636 5362.18181818182
377.615719 5458.36363636364
377.638015363636 5844.72727272727
377.660312272727 6933.36363636364
377.682609818182 14491.3636363636
377.704908181818 101554.363636364
377.727207181818 362797.363636364
377.749506818182 482219.818181818
377.771807 374499.545454545
377.794107909091 228286.181818182
377.816409636364 142583.363636364
377.838711909091 95592.3636363636
377.861014727273 71639.2727272727
377.883318363636 58733.1818181818
377.905622545455 46514.7272727273
377.927927454545 30778
377.950232818182 22256.3636363636
377.972539181818 46457.1818181818
377.994845818182 64797.7272727273
378.017153636364 33421.5454545455
378.039461727273 18860
378.061770545454 14777.4545454545
378.084079909091 12727.0909090909
378.106389909091 11679.0909090909
378.128700909091 11544
378.151012363636 11874.0909090909
378.173324454546 11368.8181818182
378.195637363636 19334.7272727273
378.217950636364 74445.5454545455
378.240264727273 142242.090909091
378.262579454545 130471.181818182
378.284894909091 83371.5454545455
378.307211090909 50273.3636363636
378.329527545455 33173
378.351845181818 25000.6363636364
378.374163181818 21404.7272727273
378.396481727273 18983.9090909091
378.418801090909 15057
378.441121090909 11296.7272727273
378.463441818182 14515.6363636364
378.485763090909 23575
378.508085 18492.9090909091
378.530407818182 11285.9090909091
378.552731 9707.81818181818
378.575055 9377
378.597379818182 8979.27272727273
378.619704909091 8942.27272727273
378.642030818182 9052.36363636364
378.664357545455 8503.90909090909
378.686684727273 8413.81818181818
378.709012727273 14645.8181818182
378.731341363636 31831.3636363636
378.753670545455 36799.9090909091
378.776000545455 27755.9090909091
378.798330909091 18201.3636363636
378.820662090909 13609.8181818182
378.842994 11400.5454545455
378.865326636364 10170.8181818182
378.887659727273 9507.90909090909
378.909993636364 8588.27272727273
378.932327909091 7674.18181818182
378.954663090909 7514.72727272727
378.976998909091 9013.45454545455
378.999335454545 9551.72727272727
379.021672727273 7547.54545454545
379.044010272727 6831.63636363636
379.066348818182 6807
379.088687818182 6733.36363636364
379.111027818182 6830.18181818182
379.133367909091 6927.18181818182
379.155709181818 7032.18181818182
379.178050818182 8040.63636363636
379.200393272727 9852.90909090909
379.222736454545 11718.1818181818
379.245079909091 12778.0909090909
379.267424363636 11090
379.289769363636 8820.27272727273
379.312115272727 7523.27272727273
379.334461363636 7030.27272727273
379.356808363636 6542.27272727273
379.379156272727 6017.54545454545
379.401504454545 5713.09090909091
379.423853454546 5736.36363636364
379.446203181818 5829.63636363636
379.468553363636 5852.63636363636
379.490904272727 5789.54545454545
379.513255909091 5450.18181818182
379.535608272727 5315.27272727273
379.557961090909 5407.36363636364
379.580314818182 5223
379.602669 5088.81818181818
379.625023909091 5093.09090909091
379.647379181818 5217.81818181818
379.669735545455 5995.81818181818
379.692092272727 6915.54545454545
379.714450090909 7508.09090909091
379.736808090909 7932.27272727273
379.759167090909 7659.36363636364
379.781526454545 6812.72727272727
379.803886727273 5791.90909090909
379.826247545455 5288.18181818182
379.848609 5126.90909090909
379.870971090909 4926.18181818182
379.893333909091 4929.18181818182
379.915697363636 4952.54545454545
379.938061454546 4888.18181818182
379.960426272727 4988.81818181818
379.982791636364 4895.27272727273
380.005157727273 4621.54545454545
380.027524363636 4503.90909090909
380.049892090909 4568.90909090909
380.072260181818 4387.63636363636
380.094628545455 4529.81818181818
380.116998181818 4620.27272727273
380.139368181818 4589
380.161739 4695.72727272727
380.184110272727 5592.54545454545
380.206482272727 6629.90909090909
380.228854909091 7521.72727272727
380.251228272727 7756.81818181818
380.273602272727 6890.18181818182
380.295976727273 5682.54545454545
380.318352090909 4864.63636363636
380.340728090909 4698.27272727273
380.363104545455 4718
380.385482 4566.72727272727
380.407859818182 4389.27272727273
380.430238545455 4420.45454545455
380.452617636364 4472.18181818182
380.474997545455 4440.36363636364
380.497378272727 4517.54545454545
380.519759363636 4299
380.542141363636 4188.90909090909
380.564523909091 4088.72727272727
380.586907181818 4160.27272727273
380.609291 4268.90909090909
380.631675454545 4258.63636363636
380.654060454545 4054.09090909091
380.676446454545 4219.36363636364
380.698832818182 4615.81818181818
380.721220090909 4864.72727272727
380.743607818182 4913.45454545455
380.765996363636 4904.45454545455
380.788385545455 4555.36363636364
380.810775272727 4208.27272727273
380.833165727273 4000.81818181818
380.855556818182 3994.54545454545
380.877948545455 3910.63636363636
380.900341 3861.54545454545
380.922734 3832.90909090909
380.945127818182 3743.63636363636
380.967522181818 3707.90909090909
380.989917181818 3822.45454545455
381.012312909091 3933.18181818182
381.034709363636 3942.54545454545
381.057106363636 3916.27272727273
381.079504 3852.27272727273
381.101902454545 3886.90909090909
381.124301545455 3936.63636363636
381.146701 4147.90909090909
381.169101363636 4526.27272727273
381.191502363636 4666.09090909091
381.213903727273 4849.90909090909
